   0.0000000000   0.0000000000
   0.0313920006   0.0199999996
   0.0627827495   0.0399999991
   0.0941704139   0.0599999987
   0.1255533397   0.0799999982
   0.1569299698   0.0999999940
   0.1882987469   0.1199999899
   0.2196581662   0.1399999857
   0.2510067523   0.1599999815
   0.2823430300   0.1799999774
   0.3136655092   0.1999999732
   0.3449727893   0.2199999690
   0.3762633801   0.2399999648
   0.4075358808   0.2599999607
   0.4387888610   0.2799999714
   0.4700209200   0.2999999821
   0.5012306571   0.3199999928
   0.5324166417   0.3400000036
   0.5635774732   0.3600000143
   0.5947117805   0.3800000250
   0.6258181930   0.4000000358
   0.6568952799   0.4200000465
   0.6879417300   0.4400000572
   0.7189561725   0.4600000679
   0.7499372363   0.4800000787
   0.7808836102   0.5000000596
   0.8117939234   0.5200000405
   0.8426668048   0.5400000215
   0.8735010028   0.5600000024
   0.9042951465   0.5799999833
   0.9350479245   0.5999999642
   0.9657580853   0.6199999452
   0.9964243174   0.6399999261
   1.0270452499   0.6599999070
   1.0576196909   0.6799998879
   1.0881464481   0.6999998689
   1.1186240911   0.7199998498
   1.1490514278   0.7399998307
   1.1794272661   0.7599998116
   1.2097502947   0.7799997926
   1.2400193214   0.7999997735
   1.2702331543   0.8199997544
   1.3003906012   0.8399997354
   1.3304904699   0.8599997163
   1.3605315685   0.8799996972
   1.3905127048   0.8999996781
   1.4204326868   0.9199996591
   1.4502903223   0.9399996400
   1.4800845385   0.9599996209
   1.5098141432   0.9799996018
   1.5394780636   0.9999995828
   1.5690752268   1.0199996233
   1.5986044407   1.0399996042
   1.6280646324   1.0599995852
   1.6574547291   1.0799995661
   1.6867737770   1.0999995470
   1.7160205841   1.1199995279
   1.7451941967   1.1399995089
   1.7742934227   1.1599994898
   1.8033174276   1.1799994707
   1.8322651386   1.1999994516
   1.8611354828   1.2199994326
   1.8899276257   1.2399994135
   1.9186404943   1.2599993944
   1.9472731352   1.2799993753
   1.9758245945   1.2999993563
   2.0042939186   1.3199993372
   2.0326802731   1.3399993181
   2.0609827042   1.3599992990
   2.0892002583   1.3799992800
   2.1173322201   1.3999992609
   2.1453776360   1.4199992418
   2.1733355522   1.4399992228
   2.2012052536   1.4599992037
   2.2289857864   1.4799991846
   2.2566764355   1.4999991655
   2.2842764854   1.5199991465
   2.3117849827   1.5399991274
   2.3392012119   1.5599991083
   2.3665244579   1.5799990892
   2.3937537670   1.5999990702
   2.4208886623   1.6199990511
   2.4479281902   1.6399990320
   2.4748718739   1.6599990129
   2.5017187595   1.6799989939
   2.5284683704   1.6999989748
   2.5551199913   1.7199989557
   2.5816729069   1.7399989367
   2.6081266403   1.7599989176
   2.6344804764   1.7799988985
   2.6607336998   1.7999988794
   2.6868858337   1.8199988604
   2.7129361629   1.8399988413
   2.7388842106   1.8599988222
   2.7647294998   1.8799988031
   2.7904713154   1.8999987841
   2.8161091805   1.9199987650
   2.8416426182   1.9399987459
   2.8670711517   1.9599987268
   2.8923943043   1.9799987078
   2.9176115990   1.9999986887
   2.9427223206   2.0199987888
   2.9677262306   2.0399987698
   2.9926228523   2.0599987507
   3.0174119473   2.0799987316
   3.0420928001   2.0999987125
   3.0666651726   2.1199986935
   3.0911288261   2.1399986744
   3.1154830456   2.1599986553
   3.1397278309   2.1799986362
   3.1638624668   2.1999986172
   3.1878869534   2.2199985981
   3.2118008137   2.2399985790
   3.2356038094   2.2599985600
   3.2592954636   2.2799985409
   3.2828757763   2.2999985218
   3.3063442707   2.3199985027
   3.3297007084   2.3399984837
   3.3529448509   2.3599984646
   3.3760766983   2.3799984455
   3.3990957737   2.3999984264
   3.4220018387   2.4199984074
   3.4447948933   2.4399983883
   3.4674746990   2.4599983692
   3.4900410175   2.4799983501
   3.5124938488   2.4999983311
   3.5348327160   2.5199983120
   3.5570578575   2.5399982929
   3.5791687965   2.5599982738
   3.6011657715   2.5799982548
   3.6230485439   2.5999982357
   3.6448168755   2.6199982166
   3.6664707661   2.6399981976
   3.6880102158   2.6599981785
   3.7094352245   2.6799981594
   3.7307455540   2.6999981403
   3.7519414425   2.7199981213
   3.7730226517   2.7399981022
   3.7939891815   2.7599980831
   3.8148410320   2.7799980640
   3.8355784416   2.7999980450
   3.8562011719   2.8199980259
   3.8767092228   2.8399980068
   3.8971028328   2.8599979877
   3.9173817635   2.8799979687
   3.9375462532   2.8999979496
   3.9575965405   2.9199979305
   3.9775323868   2.9399979115
   3.9973540306   2.9599978924
   4.0170617104   2.9799978733
   4.0366554260   2.9999978542
   4.0561351776   3.0199978352
   4.0755009651   3.0399978161
   4.0947532654   3.0599977970
   4.1138920784   3.0799977779
   4.1329174042   3.0999977589
   4.1518292427   3.1199977398
   4.1706280708   3.1399977207
   4.1893143654   3.1599977016
   4.2078876495   3.1799976826
   4.2263484001   3.1999976635
   4.2446970940   3.2199976444
   4.2629337311   3.2399976254
   4.2810583115   3.2599976063
   4.2990713120   3.2799975872
   4.3169727325   3.2999975681
   4.3347630501   3.3199975491
   4.3524422646   3.3399975300
   4.3700108528   3.3599975109
   4.3874688148   3.3799974918
   4.4048166275   3.3999974728
   4.4220542908   3.4199974537
   4.4391822815   3.4399974346
   4.4562010765   3.4599974155
   4.4731106758   3.4799973965
   4.4899115562   3.4999973774
   4.5066037178   3.5199973583
   4.5231876373   3.5399973392
   4.5396637917   3.5599973202
   4.5560321808   3.5799973011
   4.5722932816   3.5999972820
   4.5884475708   3.6199972630
   4.6044950485   3.6399972439
   4.6204361916   3.6599972248
   4.6362714767   3.6799972057
   4.6520013809   3.6999971867
   4.6676259041   3.7199971676
   4.6831455231   3.7399971485
   4.6985607147   3.7599971294
   4.7138714790   3.7799971104
   4.7290787697   3.7999970913
   4.7441825867   3.8199970722
   4.7591834068   3.8399970531
   4.7740812302   3.8599970341
   4.7888770103   3.8799970150
   4.8035707474   3.8999969959
   4.8181629181   3.9199969769
   4.8326539993   3.9399969578
   4.8470444679   3.9599969387
   4.8613348007   3.9799969196
   4.8755249977   3.9999969006
   4.8896160126   4.0199971199
   4.9036078453   4.0399971008
   4.9175009727   4.0599970818
   4.9312958717   4.0799970627
   4.9449930191   4.0999970436
   4.9585928917   4.1199970245
   4.9720959663   4.1399970055
   4.9855022430   4.1599969864
   4.9988126755   4.1799969673
   5.0120272636   4.1999969482
   5.0251464844   4.2199969292
   5.0381712914   4.2399969101
   5.0511016846   4.2599968910
   5.0639381409   4.2799968719
   5.0766811371   4.2999968529
   5.0893311501   4.3199968338
   5.1018886566   4.3399968147
   5.1143541336   4.3599967957
   5.1267280579   4.3799967766
   5.1390109062   4.3999967575
   5.1512026787   4.4199967384
   5.1633043289   4.4399967194
   5.1753163338   4.4599967003
   5.1872386932   4.4799966812
   5.1990723610   4.4999966621
   5.2108178139   4.5199966431
   5.2224750519   4.5399966240
   5.2340450287   4.5599966049
   5.2455277443   4.5799965858
   5.2569241524   4.5999965668
   5.2682342529   4.6199965477
   5.2794589996   4.6399965286
   5.2905983925   4.6599965096
   5.3016529083   4.6799964905
   5.3126235008   4.6999964714
   5.3235101700   4.7199964523
   5.3343138695   4.7399964333
   5.3450345993   4.7599964142
   5.3556728363   4.7799963951
   5.3662295341   4.7999963760
   5.3767046928   4.8199963570
   5.3870987892   4.8399963379
   5.3974127769   4.8599963188
   5.4076466560   4.8799962997
   5.4178009033   4.8999962807
   5.4278759956   4.9199962616
   5.4378728867   4.9399962425
   5.4477915764   4.9599962234
   5.4576325417   4.9799962044
   5.4673962593   4.9999961853
   5.4770832062   5.0199961662
   5.4866943359   5.0399961472
   5.4962296486   5.0599961281
   5.5056896210   5.0799961090
   5.5150747299   5.0999960899
   5.5243854523   5.1199960709
   5.5336222649   5.1399960518
   5.5427856445   5.1599960327
   5.5518760681   5.1799960136
   5.5608940125   5.1999959946
   5.5698399544   5.2199959755
   5.5787143707   5.2399959564
   5.5875177383   5.2599959373
   5.5962505341   5.2799959183
   5.6049132347   5.2999958992
   5.6135058403   5.3199958801
   5.6220293045   5.3399958611
   5.6304841042   5.3599958420
   5.6388702393   5.3799958229
   5.6471886635   5.3999958038
   5.6554393768   5.4199957848
   5.6636233330   5.4399957657
   5.6717405319   5.4599957466
   5.6797919273   5.4799957275
   5.6877775192   5.4999957085
   5.6956977844   5.5199956894
   5.7035531998   5.5399956703
   5.7113442421   5.5599956512
   5.7190713882   5.5799956322
   5.7267351151   5.5999956131
   5.7343358994   5.6199955940
   5.7418742180   5.6399955750
   5.7493500710   5.6599955559
   5.7567644119   5.6799955368
   5.7641172409   5.6999955177
   5.7714095116   5.7199954987
   5.7786412239   5.7399954796
   5.7858128548   5.7599954605
   5.7929248810   5.7799954414
   5.7999777794   5.7999954224
   5.8069720268   5.8199954033
   5.8139081001   5.8399953842
   5.8207859993   5.8599953651
   5.8276066780   5.8799953461
   5.8343701363   5.8999953270
   5.8410768509   5.9199953079
   5.8477272987   5.9399952888
   5.8543219566   5.9599952698
   5.8608613014   5.9799952507
   5.8673453331   5.9999952316
   5.8737750053   6.0199952126
   5.8801503181   6.0399951935
   5.8864717484   6.0599951744
   5.8927397728   6.0799951553
   5.8989548683   6.0999951363
   5.9051175117   6.1199951172
   5.9112277031   6.1399950981
   5.9172859192   6.1599950790
   5.9232926369   6.1799950600
   5.9292483330   6.1999950409
   5.9351534843   6.2199950218
   5.9410080910   6.2399950027
   5.9468131065   6.2599949837
   5.9525685310   6.2799949646
   5.9582748413   6.2999949455
   5.9639320374   6.3199949265
   5.9695410728   6.3399949074
   5.9751019478   6.3599948883
   5.9806151390   6.3799948692
   5.9860811234   6.3999948502
   5.9914999008   6.4199948311
   5.9968719482   6.4399948120
   6.0021977425   6.4599947929
   6.0074777603   6.4799947739
   6.0127124786   6.4999947548
   6.0179018974   6.5199947357
   6.0230464935   6.5399947166
   6.0281467438   6.5599946976
   6.0332026482   6.5799946785
   6.0382146835   6.5999946594
   6.0431833267   6.6199946404
   6.0481090546   6.6399946213
   6.0529918671   6.6599946022
   6.0578322411   6.6799945831
   6.0626306534   6.6999945641
   6.0673871040   6.7199945450
   6.0721020699   6.7399945259
   6.0767760277   6.7599945068
   6.0814094543   6.7799944878
   6.0860023499   6.7999944687
   6.0905551910   6.8199944496
   6.0950679779   6.8399944305
   6.0995411873   6.8599944115
   6.1039752960   6.8799943924
   6.1083707809   6.8999943733
   6.1127276421   6.9199943542
   6.1170463562   6.9399943352
   6.1213269234   6.9599943161
   6.1255698204   6.9799942970
   6.1297755241   6.9999942780
   6.1339440346   7.0199942589
   6.1380758286   7.0399942398
   6.1421713829   7.0599942207
   6.1462306976   7.0799942017
   6.1502542496   7.0999941826
   6.1542425156   7.1199941635
   6.1581954956   7.1399941444
   6.1621136665   7.1599941254
   6.1659970284   7.1799941063
   6.1698460579   7.1999940872
   6.1736607552   7.2199940681
   6.1774420738   7.2399940491
   6.1811895370   7.2599940300
   6.1849036217   7.2799940109
   6.1885848045   7.2999939919
   6.1922335625   7.3199939728
   6.1958498955   7.3399939537
   6.1994338036   7.3599939346
   6.2029857635   7.3799939156
   6.2065062523   7.3999938965
   6.2099952698   7.4199938774
   6.2134532928   7.4399938583
   6.2168803215   7.4599938393
   6.2202768326   7.4799938202
   6.2236433029   7.4999938011
   6.2269797325   7.5199937820
   6.2302861214   7.5399937630
   6.2335629463   7.5599937439
   6.2368106842   7.5799937248
   6.2400293350   7.5999937057
   6.2432188988   7.6199936867
   6.2463798523   7.6399936676
   6.2495126724   7.6599936485
   6.2526173592   7.6799936295
   6.2556939125   7.6999936104
   6.2587432861   7.7199935913
   6.2617650032   7.7399935722
   6.2647595406   7.7599935532
   6.2677273750   7.7799935341
   6.2706685066   7.7999935150
   6.2735829353   7.8199934959
   6.2764711380   7.8399934769
   6.2793335915   7.8599934578
   6.2821702957   7.8799934387
   6.2849812508   7.8999934196
   6.2877669334   7.9199934006
   6.2905273438   7.9399933815
   6.2932629585   7.9599933624
   6.2959737778   7.9799933434
   6.2986602783   7.9999933243
   6.3013224602   8.0199937820
   6.3039603233   8.0399942398
   6.3065743446   8.0599946976
   6.3091645241   8.0799951553
   6.3117313385   8.0999956131
   6.3142752647   8.1199960709
   6.3167958260   8.1399965286
   6.3192934990   8.1599969864
   6.3217687607   8.1799974442
   6.3242216110   8.1999979019
   6.3266520500   8.2199983597
   6.3290605545   8.2399988174
   6.3314471245   8.2599992752
   6.3338117599   8.2799997330
   6.3361549377   8.3000001907
   6.3384771347   8.3200006485
   6.3407778740   8.3400011063
   6.3430576324   8.3600015640
   6.3453168869   8.3800020218
   6.3475556374   8.4000024796
   6.3497738838   8.4200029373
   6.3519721031   8.4400033951
   6.3541502953   8.4600038528
   6.3563084602   8.4800043106
   6.3584470749   8.5000047684
   6.3605661392   8.5200052261
   6.3626656532   8.5400056839
   6.3647460938   8.5600061417
   6.3668074608   8.5800065994
   6.3688502312   8.6000070572
   6.3708739281   8.6200075150
   6.3728795052   8.6400079727
   6.3748664856   8.6600084305
   6.3768353462   8.6800088882
   6.3787860870   8.7000093460
   6.3807191849   8.7200098038
   6.3826346397   8.7400102615
   6.3845324516   8.7600107193
   6.3864126205   8.7800111771
   6.3882756233   8.8000116348
   6.3901214600   8.8200120926
   6.3919506073   8.8400125504
   6.3937630653   8.8600130081
   6.3955588341   8.8800134659
   6.3973379135   8.9000139236
   6.3991007805   8.9200143814
   6.4008474350   8.9400148392
   6.4025778770   8.9600152969
   6.4042925835   8.9800157547
   6.4059915543   9.0000162125
   6.4076747894   9.0200166702
   6.4093427658   9.0400171280
   6.4109954834   9.0600175858
   6.4126329422   9.0800180435
   6.4142551422   9.1000185013
   6.4158625603   9.1200189590
   6.4174551964   9.1400194168
   6.4190330505   9.1600198746
   6.4205965996   9.1800203323
   6.4221453667   9.2000207901
   6.4236798286   9.2200212479
   6.4252004623   9.2400217056
   6.4267067909   9.2600221634
   6.4281992912   9.2800226212
   6.4296779633   9.3000230789
   6.4311432838   9.3200235367
   6.4325947762   9.3400239944
   6.4340329170   9.3600244522
   6.4354577065   9.3800249100
   6.4368696213   9.4000253677
   6.4382681847   9.4200258255
   6.4396538734   9.4400262833
   6.4410271645   9.4600267410
   6.4423875809   9.4800271988
   6.4437355995   9.5000276566
   6.4450707436   9.5200281143
   6.4463939667   9.5400285721
   6.4477047920   9.5600290298
   6.4490032196   9.5800294876
   6.4502897263   9.6000299454
   6.4515643120   9.6200304031
   6.4528269768   9.6400308609
   6.4540781975   9.6600313187
   6.4553179741   9.6800317764
   6.4565463066   9.7000322342
   6.4577631950   9.7200326920
   6.4589686394   9.7400331497
   6.4601631165   9.7600336075
   6.4613461494   9.7800340652
   6.4625182152   9.8000345230
   6.4636797905   9.8200349808
   6.4648303986   9.8400354385
   6.4659705162   9.8600358963
   6.4670996666   9.8800363541
   6.4682183266   9.9000368118
   6.4693269730   9.9200372696
   6.4704251289   9.9400377274
   6.4715132713   9.9600381851
   6.4725914001   9.9800386429
   6.4736595154  10.0000391006
   6.4747176170  10.0200395584
   6.4757657051  10.0400400162
   6.4768042564  10.0600404739
   6.4778327942  10.0800409317
   6.4788517952  10.1000413895
   6.4798617363  10.1200418472
   6.4808621407  10.1400423050
   6.4818530083  10.1600427628
   6.4828348160  10.1800432205
   6.4838075638  10.2000436783
   6.4847712517  10.2200441360
   6.4857258797  10.2400445938
   6.4866714478  10.2600450516
   6.4876084328  10.2800455093
   6.4885368347  10.3000459671
   6.4894566536  10.3200464249
   6.4903678894  10.3400468826
   6.4912705421  10.3600473404
   6.4921646118  10.3800477982
   6.4930505753  10.4000482559
   6.4939279556  10.4200487137
   6.4947972298  10.4400491714
   6.4956583977  10.4600496292
   6.4965114594  10.4800500870
   6.4973568916  10.5000505447
   6.4981942177  10.5200510025
   6.4990239143  10.5400514603
   6.4998459816  10.5600519180
   6.5006604195  10.5800523758
   6.5014672279  10.6000528336
   6.5022664070  10.6200532913
   6.5030579567  10.6400537491
   6.5038423538  10.6600542068
   6.5046191216  10.6800546646
   6.5053887367  10.7000551224
   6.5061511993  10.7200555801
   6.5069065094  10.7400560379
   6.5076546669  10.7600564957
   6.5083961487  10.7800569534
   6.5091304779  10.8000574112
   6.5098581314  10.8200578690
   6.5105791092  10.8400583267
   6.5112929344  10.8600587845
   6.5120000839  10.8800592422
   6.5127010345  10.9000597000
   6.5133953094  10.9200601578
   6.5140829086  10.9400606155
   6.5147643089  10.9600610733
   6.5154390335  10.9800615311
   6.5161075592  11.0000619888
   6.5167698860  11.0200624466
   6.5174260139  11.0400629044
   6.5180759430  11.0600633621
   6.5187196732  11.0800638199
   6.5193576813  11.1000642776
   6.5199894905  11.1200647354
   6.5206155777  11.1400651932
   6.5212359428  11.1600656509
   6.5218501091  11.1800661087
   6.5224585533  11.2000665665
   6.5230612755  11.2200670242
   6.5236587524  11.2400674820
   6.5242505074  11.2600679398
   6.5248365402  11.2800683975
   6.5254173279  11.3000688553
   6.5259923935  11.3200693130
   6.5265622139  11.3400697708
   6.5271267891  11.3600702286
   6.5276861191  11.3800706863
   6.5282402039  11.4000711441
   6.5287890434  11.4200716019
   6.5293326378  11.4400720596
   6.5298709869  11.4600725174
   6.5304045677  11.4800729752
   6.5309329033  11.5000734329
   6.5314564705  11.5200738907
   6.5319752693  11.5400743484
   6.5324892998  11.5600748062
   6.5329980850  11.5800752640
   6.5335021019  11.6000757217
   6.5340018272  11.6200761795
   6.5344967842  11.6400766373
   6.5349869728  11.6600770950
   6.5354723930  11.6800775528
   6.5359535217  11.7000780106
   6.5364298820  11.7200784683
   6.5369019508  11.7400789261
   6.5373697281  11.7600793839
   6.5378327370  11.7800798416
   6.5382914543  11.8000802994
   6.5387458801  11.8200807571
   6.5391960144  11.8400812149
   6.5396423340  11.8600816727
   6.5400843620  11.8800821304
   6.5405220985  11.9000825882
   6.5409555435  11.9200830460
   6.5413851738  11.9400835037
   6.5418105125  11.9600839615
   6.5422320366  11.9800844193
   6.5426497459  12.0000848770
   6.5430636406  12.0200853348
   6.5434732437  12.0400857925
   6.5438790321  12.0600862503
   6.5442810059  12.0800867081
   6.5446791649  12.1000871658
   6.5450739861  12.1200876236
   6.5454649925  12.1400880814
   6.5458521843  12.1600885391
   6.5462355614  12.1800889969
   6.5466156006  12.2000894547
   6.5469918251  12.2200899124
   6.5473647118  12.2400903702
   6.5477342606  12.2600908279
   6.5480999947  12.2800912857
   6.5484623909  12.3000917435
   6.5488214493  12.3200922012
   6.5491771698  12.3400926590
   6.5495295525  12.3600931168
   6.5498785973  12.3800935745
   6.5502243042  12.4000940323
   6.5505666733  12.4200944901
   6.5509061813  12.4400949478
   6.5512423515  12.4600954056
   6.5515751839  12.4800958633
   6.5519051552  12.5000963211
   6.5522317886  12.5200967789
   6.5525555611  12.5400972366
   6.5528759956  12.5600976944
   6.5531935692  12.5800981522
   6.5535082817  12.6000986099
   6.5538201332  12.6200990677
   6.5541286469  12.6400995255
   6.5544342995  12.6600999832
   6.5547370911  12.6801004410
   6.5550370216  12.7001008987
   6.5553340912  12.7201013565
   6.5556287766  12.7401018143
   6.5559206009  12.7601022720
   6.5562095642  12.7801027298
   6.5564956665  12.8001031876
   6.5567793846  12.8201036453
   6.5570602417  12.8401041031
   6.5573387146  12.8601045609
   6.5576143265  12.8801050186
   6.5578875542  12.9001054764
   6.5581579208  12.9201059341
   6.5584259033  12.9401063919
   6.5586915016  12.9601068497
   6.5589542389  12.9801073074
   6.5592145920  13.0001077652
   6.5594725609  13.0201082230
   6.5597281456  13.0401086807
   6.5599813461  13.0601091385
   6.5602321625  13.0801095963
   6.5604805946  13.1001100540
   6.5607266426  13.1201105118
   6.5609703064  13.1401109695
   6.5612115860  13.1601114273
   6.5614509583  13.1801118851
   6.5616879463  13.2001123428
   6.5619225502  13.2201128006
   6.5621552467  13.2401132584
   6.5623855591  13.2601137161
   6.5626134872  13.2801141739
   6.5628395081  13.3001146317
   6.5630631447  13.3201150894
   6.5632848740  13.3401155472
   6.5635046959  13.3601160049
   6.5637221336  13.3801164627
   6.5639376640  13.4001169205
   6.5641512871  13.4201173782
   6.5643630028  13.4401178360
   6.5645723343  13.4601182938
   6.5647797585  13.4801187515
   6.5649852753  13.5001192093
   6.5651888847  13.5201196671
   6.5653905869  13.5401201248
   6.5655903816  13.5601205826
   6.5657882690  13.5801210403
   6.5659842491  13.6001214981
   6.5661783218  13.6201219559
   6.5663704872  13.6401224136
   6.5665612221  13.6601228714
   6.5667500496  13.6801233292
   6.5669369698  13.7001237869
   6.5671219826  13.7201242447
   6.5673055649  13.7401247025
   6.5674872398  13.7601251602
   6.5676674843  13.7801256180
   6.5678458214  13.8001260757
   6.5680227280  13.8201265335
   6.5681977272  13.8401269913
   6.5683712959  13.8601274490
   6.5685429573  13.8801279068
   6.5687131882  13.9001283646
   6.5688815117  13.9201288223
   6.5690484047  13.9401292801
   6.5692138672  13.9601297379
   6.5693774223  13.9801301956
   6.5695395470  14.0001306534
   6.5697002411  14.0201311111
   6.5698595047  14.0401315689
   6.5700173378  14.0601320267
   6.5701737404  14.0801324844
   6.5703287125  14.1001329422
   6.5704817772  14.1201334000
   6.5706334114  14.1401338577
   6.5707836151  14.1601343155
   6.5709323883  14.1801347733
   6.5710802078  14.2001352310
   6.5712265968  14.2201356888
   6.5713715553  14.2401361465
   6.5715150833  14.2601366043
   6.5716571808  14.2801370621
   6.5717978477  14.3001375198
   6.5719370842  14.3201379776
   6.5720753670  14.3401384354
   6.5722122192  14.3601388931
   6.5723476410  14.3801393509
   6.5724821091  14.4001398087
   6.5726151466  14.4201402664
   6.5727467537  14.4401407242
   6.5728774071  14.4601411819
   6.5730066299  14.4801416397
   6.5731344223  14.5001420975
   6.5732612610  14.5201425552
   6.5733866692  14.5401430130
   6.5735111237  14.5601434708
   6.5736346245  14.5801439285
   6.5737566948  14.6001443863
   6.5738778114  14.6201448441
   6.5739974976  14.6401453018
   6.5741162300  14.6601457596
   6.5742340088  14.6801462173
   6.5743503571  14.7001466751
   6.5744657516  14.7201471329
   6.5745801926  14.7401475906
   6.5746932030  14.7601480484
   6.5748052597  14.7801485062
   6.5749163628  14.8001489639
   6.5750265121  14.8201494217
   6.5751357079  14.8401498795
   6.5752434731  14.8601503372
   6.5753502846  14.8801507950
   6.5754561424  14.9001512527
   6.5755610466  14.9201517105
   6.5756649971  14.9401521683
   6.5757679939  14.9601526260
   6.5758700371  14.9801530838
   6.5759711266  15.0001535416
   6.5760712624  15.0201539993
   6.5761704445  15.0401544571
   6.5762686729  15.0601549149
   6.5763659477  15.0801553726
   6.5764622688  15.1001558304
   6.5765576363  15.1201562881
   6.5766520500  15.1401567459
   6.5767455101  15.1601572037
   6.5768384933  15.1801576614
   6.5769305229  15.2001581192
   6.5770215988  15.2201585770
   6.5771117210  15.2401590347
   6.5772008896  15.2601594925
   6.5772895813  15.2801599503
   6.5773773193  15.3001604080
   6.5774641037  15.3201608658
   6.5775499344  15.3401613235
   6.5776352882  15.3601617813
   6.5777196884  15.3801622391
   6.5778031349  15.4001626968
   6.5778861046  15.4201631546
   6.5779681206  15.4401636124
   6.5780491829  15.4601640701
   6.5781297684  15.4801645279
   6.5782094002  15.5001649857
   6.5782885551  15.5201654434
   6.5783667564  15.5401659012
   6.5784440041  15.5601663589
   6.5785207748  15.5801668167
   6.5785965919  15.6001672745
   6.5786719322  15.6201677322
   6.5787463188  15.6401681900
   6.5788202286  15.6601686478
   6.5788931847  15.6801691055
   6.5789656639  15.7001695633
   6.5790376663  15.7201700211
   6.5791087151  15.7401704788
   6.5791792870  15.7601709366
   6.5792489052  15.7801713943
   6.5793180466  15.8001718521
   6.5793867111  15.8201723099
   6.5794544220  15.8401727676
   6.5795216560  15.8601732254
   6.5795884132  15.8801736832
   6.5796542168  15.9001741409
   6.5797195435  15.9201745987
   6.5797843933  15.9401750565
   6.5798482895  15.9601755142
   6.5799117088  15.9801759720
   6.5799746513  16.0001754761
   6.5800371170  16.0201759338
   6.5800986290  16.0401763916
   6.5801596642  16.0601768494
   6.5802202225  16.0801773071
   6.5802803040  16.1001777649
   6.5803399086  16.1201782227
   6.5803985596  16.1401786804
   6.5804567337  16.1601791382
   6.5805144310  16.1801795959
   6.5805716515  16.2001800537
   6.5806283951  16.2201805115
   6.5806846619  16.2401809692
   6.5807404518  16.2601814270
   6.5807952881  16.2801818848
   6.5808496475  16.3001823425
   6.5809035301  16.3201828003
   6.5809569359  16.3401832581
   6.5810098648  16.3601837158
   6.5810623169  16.3801841736
   6.5811142921  16.4001846313
   6.5811657906  16.4201850891
   6.5812168121  16.4401855469
   6.5812673569  16.4601860046
   6.5813174248  16.4801864624
   6.5813670158  16.5001869202
   6.5814161301  16.5201873779
   6.5814647675  16.5401878357
   6.5815129280  16.5601882935
   6.5815606117  16.5801887512
   6.5816078186  16.6001892090
   6.5816545486  16.6201896667
   6.5817008018  16.6401901245
   6.5817465782  16.6601905823
   6.5817923546  16.6801910400
   6.5818376541  16.7001914978
   6.5818824768  16.7201919556
   6.5819268227  16.7401924133
   6.5819706917  16.7601928711
   6.5820140839  16.7801933289
   6.5820569992  16.8001937866
   6.5820994377  16.8201942444
   6.5821418762  16.8401947021
   6.5821838379  16.8601951599
   6.5822253227  16.8801956177
   6.5822663307  16.9001960754
   6.5823068619  16.9201965332
   6.5823469162  16.9401969910
   6.5823869705  16.9601974487
   6.5824265480  16.9801979065
   6.5824656487  17.0001983643
   6.5825042725  17.0201988220
   6.5825428963  17.0401992798
   6.5825810432  17.0601997375
   6.5826187134  17.0802001953
   6.5826559067  17.1002006531
   6.5826926231  17.1202011108
   6.5827293396  17.1402015686
   6.5827655792  17.1602020264
   6.5828013420  17.1802024841
   6.5828371048  17.2002029419
   6.5828723907  17.2202033997
   6.5829071999  17.2402038574
   6.5829420090  17.2602043152
   6.5829763412  17.2802047729
   6.5830101967  17.3002052307
   6.5830435753  17.3202056885
   6.5830769539  17.3402061462
   6.5831098557  17.3602066040
   6.5831427574  17.3802070618
   6.5831751823  17.4002075195
   6.5832071304  17.4202079773
   6.5832390785  17.4402084351
   6.5832705498  17.4602088928
   6.5833015442  17.4802093506
   6.5833325386  17.5002098083
   6.5833630562  17.5202102661
   6.5833930969  17.5402107239
   6.5834231377  17.5602111816
   6.5834527016  17.5802116394
   6.5834822655  17.6002120972
   6.5835113525  17.6202125549
   6.5835404396  17.6402130127
   6.5835690498  17.6602134705
   6.5835971832  17.6802139282
   6.5836253166  17.7002143860
   6.5836529732  17.7202148438
   6.5836806297  17.7402153015
   6.5837078094  17.7602157593
   6.5837349892  17.7802162170
   6.5837616920  17.8002166748
   6.5837883949  17.8202171326
   6.5838146210  17.8402175903
   6.5838408470  17.8602180481
   6.5838665962  17.8802185059
   6.5838923454  17.9002189636
   6.5839176178  17.9202194214
   6.5839428902  17.9402198792
   6.5839676857  17.9602203369
   6.5839924812  17.9802207947
   6.5840167999  18.0002212524
   6.5840411186  18.0202217102
   6.5840649605  18.0402221680
   6.5840888023  18.0602226257
   6.5841121674  18.0802230835
   6.5841355324  18.1002235413
   6.5841584206  18.1202239990
   6.5841813087  18.1402244568
   6.5842037201  18.1602249146
   6.5842261314  18.1802253723
   6.5842480659  18.2002258301
   6.5842700005  18.2202262878
   6.5842919350  18.2402267456
   6.5843133926  18.2602272034
   6.5843348503  18.2802276611
   6.5843558311  18.3002281189
   6.5843768120  18.3202285767
   6.5843973160  18.3402290344
   6.5844178200  18.3602294922
   6.5844383240  18.3802299500
   6.5844583511  18.4002304077
   6.5844783783  18.4202308655
   6.5844979286  18.4402313232
   6.5845174789  18.4602317810
   6.5845370293  18.4802322388
   6.5845561028  18.5002326965
   6.5845751762  18.5202331543
   6.5845937729  18.5402336121
   6.5846123695  18.5602340698
   6.5846309662  18.5802345276
   6.5846490860  18.6002349854
   6.5846672058  18.6202354431
   6.5846853256  18.6402359009
   6.5847029686  18.6602363586
   6.5847206116  18.6802368164
   6.5847382545  18.7002372742
   6.5847554207  18.7202377319
   6.5847725868  18.7402381897
   6.5847897530  18.7602386475
   6.5848064423  18.7802391052
   6.5848231316  18.8002395630
   6.5848398209  18.8202400208
   6.5848560333  18.8402404785
   6.5848722458  18.8602409363
   6.5848884583  18.8802413940
   6.5849041939  18.9002418518
   6.5849199295  18.9202423096
   6.5849356651  18.9402427673
   6.5849509239  18.9602432251
   6.5849661827  18.9802436829
   6.5849814415  19.0002441406
   6.5849962234  19.0202445984
   6.5850110054  19.0402450562
   6.5850257874  19.0602455139
   6.5850405693  19.0802459717
   6.5850548744  19.1002464294
   6.5850691795  19.1202468872
   6.5850834846  19.1402473450
   6.5850973129  19.1602478027
   6.5851111412  19.1802482605
   6.5851249695  19.2002487183
   6.5851387978  19.2202491760
   6.5851521492  19.2402496338
   6.5851655006  19.2602500916
   6.5851788521  19.2802505493
   6.5851922035  19.3002510071
   6.5852050781  19.3202514648
   6.5852179527  19.3402519226
   6.5852308273  19.3602523804
   6.5852432251  19.3802528381
   6.5852556229  19.4002532959
   6.5852680206  19.4202537537
   6.5852804184  19.4402542114
   6.5852923393  19.4602546692
   6.5853042603  19.4802551270
   6.5853161812  19.5002555847
   6.5853281021  19.5202560425
   6.5853400230  19.5402565002
   6.5853514671  19.5602569580
   6.5853629112  19.5802574158
   6.5853743553  19.6002578735
   6.5853857994  19.6202583313
   6.5853967667  19.6402587891
   6.5854077339  19.6602592468
   6.5854187012  19.6802597046
   6.5854296684  19.7002601624
   6.5854406357  19.7202606201
   6.5854511261  19.7402610779
   6.5854616165  19.7602615356
   6.5854721069  19.7802619934
   6.5854825974  19.8002624512
   6.5854926109  19.8202629089
   6.5855026245  19.8402633667
   6.5855126381  19.8602638245
   6.5855226517  19.8802642822
   6.5855326653  19.9002647400
   6.5855426788  19.9202651978
   6.5855522156  19.9402656555
   6.5855617523  19.9602661133
   6.5855712891  19.9802665710
   6.5855808258  20.0002670288
   6.5855903625  20.0202674866
   6.5855994225  20.0402679443
   6.5856084824  20.0602684021
   6.5856175423  20.0802688599
   6.5856266022  20.1002693176
   6.5856356621  20.1202697754
   6.5856442451  20.1402702332
   6.5856528282  20.1602706909
   6.5856614113  20.1802711487
   6.5856699944  20.2002716064
   6.5856785774  20.2202720642
   6.5856871605  20.2402725220
   6.5856952667  20.2602729797
   6.5857033730  20.2802734375
   6.5857114792  20.3002738953
   6.5857195854  20.3202743530
   6.5857276917  20.3402748108
   6.5857357979  20.3602752686
   6.5857434273  20.3802757263
   6.5857510567  20.4002761841
   6.5857586861  20.4202766418
   6.5857663155  20.4402770996
   6.5857739449  20.4602775574
   6.5857815742  20.4802780151
   6.5857892036  20.5002784729
   6.5857963562  20.5202789307
   6.5858035088  20.5402793884
   6.5858106613  20.5602798462
   6.5858178139  20.5802803040
   6.5858249664  20.6002807617
   6.5858321190  20.6202812195
   6.5858392715  20.6402816772
   6.5858459473  20.6602821350
   6.5858526230  20.6802825928
   6.5858592987  20.7002830505
   6.5858659744  20.7202835083
   6.5858726501  20.7402839661
   6.5858793259  20.7602844238
   6.5858860016  20.7802848816
   6.5858926773  20.8002853394
   6.5858988762  20.8202857971
   6.5859050751  20.8402862549
   6.5859112740  20.8602867126
   6.5859174728  20.8802871704
   6.5859236717  20.9002876282
   6.5859298706  20.9202880859
   6.5859360695  20.9402885437
   6.5859422684  20.9602890015
   6.5859479904  20.9802894592
   6.5859537125  21.0002899170
   6.5859594345  21.0202903748
   6.5859651566  21.0402908325
   6.5859708786  21.0602912903
   6.5859766006  21.0802917480
   6.5859823227  21.1002922058
   6.5859880447  21.1202926636
   6.5859932899  21.1402931213
   6.5859985352  21.1602935791
   6.5860037804  21.1802940369
   6.5860090256  21.2002944946
   6.5860142708  21.2202949524
   6.5860195160  21.2402954102
   6.5860247612  21.2602958679
   6.5860300064  21.2802963257
   6.5860352516  21.3002967834
   6.5860404968  21.3202972412
   6.5860452652  21.3402976990
   6.5860500336  21.3602981567
   6.5860548019  21.3802986145
   6.5860595703  21.4002990723
   6.5860643387  21.4202995300
   6.5860691071  21.4402999878
   6.5860738754  21.4603004456
   6.5860786438  21.4803009033
   6.5860834122  21.5003013611
   6.5860881805  21.5203018188
   6.5860924721  21.5403022766
   6.5860967636  21.5603027344
   6.5861010551  21.5803031921
   6.5861053467  21.6003036499
   6.5861096382  21.6203041077
   6.5861139297  21.6403045654
   6.5861182213  21.6603050232
   6.5861225128  21.6803054810
   6.5861268044  21.7003059387
   6.5861310959  21.7203063965
   6.5861353874  21.7403068542
   6.5861396790  21.7603073120
   6.5861434937  21.7803077698
   6.5861473083  21.8003082275
   6.5861511230  21.8203086853
   6.5861549377  21.8403091431
   6.5861587524  21.8603096008
   6.5861625671  21.8803100586
   6.5861663818  21.9003105164
   6.5861701965  21.9203109741
   6.5861740112  21.9403114319
   6.5861778259  21.9603118896
   6.5861816406  21.9803123474
   6.5861854553  22.0003128052
   6.5861892700  22.0203132629
   6.5861926079  22.0403137207
   6.5861959457  22.0603141785
   6.5861992836  22.0803146362
   6.5862026215  22.1003150940
   6.5862059593  22.1203155518
   6.5862092972  22.1403160095
   6.5862126350  22.1603164673
   6.5862159729  22.1803169250
   6.5862193108  22.2003173828
   6.5862226486  22.2203178406
   6.5862259865  22.2403182983
   6.5862293243  22.2603187561
   6.5862326622  22.2803192139
   6.5862360001  22.3003196716
   6.5862393379  22.3203201294
   6.5862421989  22.3403205872
   6.5862450600  22.3603210449
   6.5862479210  22.3803215027
   6.5862507820  22.4003219604
   6.5862536430  22.4203224182
   6.5862565041  22.4403228760
   6.5862593651  22.4603233337
   6.5862622261  22.4803237915
   6.5862650871  22.5003242493
   6.5862679482  22.5203247070
   6.5862708092  22.5403251648
   6.5862736702  22.5603256226
   6.5862765312  22.5803260803
   6.5862793922  22.6003265381
   6.5862822533  22.6203269958
   6.5862851143  22.6403274536
   6.5862879753  22.6603279114
   6.5862908363  22.6803283691
   6.5862932205  22.7003288269
   6.5862956047  22.7203292847
   6.5862979889  22.7403297424
   6.5863003731  22.7603302002
   6.5863027573  22.7803306580
   6.5863051414  22.8003311157
   6.5863075256  22.8203315735
   6.5863099098  22.8403320312
   6.5863122940  22.8603324890
   6.5863146782  22.8803329468
   6.5863170624  22.9003334045
   6.5863194466  22.9203338623
   6.5863218307  22.9403343201
   6.5863242149  22.9603347778
   6.5863265991  22.9803352356
   6.5863289833  23.0003356934
   6.5863313675  23.0203361511
   6.5863337517  23.0403366089
   6.5863361359  23.0603370667
   6.5863385201  23.0803375244
   6.5863409042  23.1003379822
   6.5863428116  23.1203384399
   6.5863447189  23.1403388977
   6.5863466263  23.1603393555
   6.5863485336  23.1803398132
   6.5863504410  23.2003402710
   6.5863523483  23.2203407288
   6.5863542557  23.2403411865
   6.5863561630  23.2603416443
   6.5863580704  23.2803421021
   6.5863599777  23.3003425598
   6.5863618851  23.3203430176
   6.5863637924  23.3403434753
   6.5863656998  23.3603439331
   6.5863676071  23.3803443909
   6.5863695145  23.4003448486
   6.5863714218  23.4203453064
   6.5863733292  23.4403457642
   6.5863752365  23.4603462219
   6.5863771439  23.4803466797
   6.5863790512  23.5003471375
   6.5863809586  23.5203475952
   6.5863828659  23.5403480530
   6.5863847733  23.5603485107
   6.5863866806  23.5803489685
   6.5863885880  23.6003494263
   6.5863904953  23.6203498840
   6.5863924026  23.6403503418
   6.5863938332  23.6603507996
   6.5863952637  23.6803512573
   6.5863966942  23.7003517151
   6.5863981247  23.7203521729
   6.5863995552  23.7403526306
   6.5864009857  23.7603530884
   6.5864024162  23.7803535461
   6.5864038467  23.8003540039
   6.5864052773  23.8203544617
   6.5864067078  23.8403549194
   6.5864081383  23.8603553772
   6.5864095688  23.8803558350
   6.5864109993  23.9003562927
   6.5864124298  23.9203567505
   6.5864138603  23.9403572083
   6.5864152908  23.9603576660
   6.5864167213  23.9803581238
   6.5864181519  24.0003585815
   6.5864195824  24.0203590393
   6.5864210129  24.0403594971
   6.5864224434  24.0603599548
   6.5864238739  24.0803604126
   6.5864253044  24.1003608704
   6.5864267349  24.1203613281
   6.5864281654  24.1403617859
   6.5864295959  24.1603622437
   6.5864310265  24.1803627014
   6.5864324570  24.2003631592
   6.5864338875  24.2203636169
   6.5864353180  24.2403640747
   6.5864367485  24.2603645325
   6.5864381790  24.2803649902
   6.5864396095  24.3003654480
   6.5864410400  24.3203659058
   6.5864424706  24.3403663635
   6.5864434242  24.3603668213
   6.5864443779  24.3803672791
   6.5864453316  24.4003677368
   6.5864462852  24.4203681946
   6.5864472389  24.4403686523
   6.5864481926  24.4603691101
   6.5864491463  24.4803695679
   6.5864500999  24.5003700256
   6.5864510536  24.5203704834
   6.5864520073  24.5403709412
   6.5864529610  24.5603713989
   6.5864539146  24.5803718567
   6.5864548683  24.6003723145
   6.5864558220  24.6203727722
   6.5864567757  24.6403732300
   6.5864577293  24.6603736877
   6.5864586830  24.6803741455
   6.5864596367  24.7003746033
   6.5864605904  24.7203750610
   6.5864615440  24.7403755188
   6.5864624977  24.7603759766
   6.5864634514  24.7803764343
   6.5864644051  24.8003768921
   6.5864653587  24.8203773499
   6.5864663124  24.8403778076
   6.5864672661  24.8603782654
   6.5864682198  24.8803787231
   6.5864691734  24.9003791809
   6.5864701271  24.9203796387
   6.5864710808  24.9403800964
   6.5864720345  24.9603805542
   6.5864729881  24.9803810120
   6.5864739418  25.0003814697
   6.5864748955  25.0203819275
   6.5864758492  25.0403823853
   6.5864768028  25.0603828430
   6.5864777565  25.0803833008
   6.5864787102  25.1003837585
   6.5864796638  25.1203842163
   6.5864806175  25.1403846741
   6.5864815712  25.1603851318
   6.5864825249  25.1803855896
   6.5864834785  25.2003860474
   6.5864844322  25.2203865051
   6.5864853859  25.2403869629
   6.5864863396  25.2603874207
   6.5864872932  25.2803878784
   6.5864882469  25.3003883362
   6.5864892006  25.3203887939
   6.5864901543  25.3403892517
   6.5864911079  25.3603897095
   6.5864920616  25.3803901672
   6.5864925385  25.4003906250
   6.5864930153  25.4203910828
   6.5864934921  25.4403915405
   6.5864939690  25.4603919983
   6.5864944458  25.4803924561
   6.5864949226  25.5003929138
   6.5864953995  25.5203933716
   6.5864958763  25.5403938293
   6.5864963531  25.5603942871
   6.5864968300  25.5803947449
   6.5864973068  25.6003952026
   6.5864977837  25.6203956604
   6.5864982605  25.6403961182
   6.5864987373  25.6603965759
   6.5864992142  25.6803970337
   6.5864996910  25.7003974915
   6.5865001678  25.7203979492
   6.5865006447  25.7403984070
   6.5865011215  25.7603988647
   6.5865015984  25.7803993225
   6.5865020752  25.8003997803
   6.5865025520  25.8204002380
   6.5865030289  25.8404006958
   6.5865035057  25.8604011536
   6.5865039825  25.8804016113
   6.5865044594  25.9004020691
   6.5865049362  25.9204025269
   6.5865054131  25.9404029846
   6.5865058899  25.9604034424
   6.5865063667  25.9804039001
   6.5865068436  26.0004043579
   6.5865073204  26.0204048157
   6.5865077972  26.0404052734
   6.5865082741  26.0604057312
   6.5865087509  26.0804061890
   6.5865092278  26.1004066467
   6.5865097046  26.1204071045
   6.5865101814  26.1404075623
   6.5865106583  26.1604080200
   6.5865111351  26.1804084778
   6.5865116119  26.2004089355
   6.5865120888  26.2204093933
   6.5865125656  26.2404098511
   6.5865130424  26.2604103088
   6.5865135193  26.2804107666
   6.5865139961  26.3004112244
   6.5865144730  26.3204116821
   6.5865149498  26.3404121399
   6.5865154266  26.3604125977
   6.5865159035  26.3804130554
   6.5865163803  26.4004135132
   6.5865168571  26.4204139709
   6.5865173340  26.4404144287
   6.5865178108  26.4604148865
   6.5865182877  26.4804153442
   6.5865187645  26.5004158020
   6.5865192413  26.5204162598
   6.5865197182  26.5404167175
   6.5865201950  26.5604171753
   6.5865206718  26.5804176331
   6.5865211487  26.6004180908
   6.5865216255  26.6204185486
   6.5865221024  26.6404190063
   6.5865225792  26.6604194641
   6.5865230560  26.6804199219
   6.5865235329  26.7004203796
   6.5865240097  26.7204208374
   6.5865244865  26.7404212952
   6.5865249634  26.7604217529
   6.5865254402  26.7804222107
   6.5865259171  26.8004226685
   6.5865263939  26.8204231262
   6.5865268707  26.8404235840
   6.5865273476  26.8604240417
   6.5865278244  26.8804244995
   6.5865283012  26.9004249573
   6.5865287781  26.9204254150
   6.5865292549  26.9404258728
   6.5865297318  26.9604263306
   6.5865302086  26.9804267883
   6.5865306854  27.0004272461
   6.5865311623  27.0204277039
   6.5865316391  27.0404281616
   6.5865321159  27.0604286194
   6.5865325928  27.0804290771
   6.5865330696  27.1004295349
   6.5865335464  27.1204299927
   6.5865340233  27.1404304504
   6.5865345001  27.1604309082
   6.5865349770  27.1804313660
   6.5865354538  27.2004318237
   6.5865359306  27.2204322815
   6.5865364075  27.2404327393
   6.5865368843  27.2604331970
   6.5865373611  27.2804336548
   6.5865378380  27.3004341125
   6.5865383148  27.3204345703
   6.5865387917  27.3404350281
   6.5865392685  27.3604354858
   6.5865397453  27.3804359436
   6.5865402222  27.4004364014
   6.5865406990  27.4204368591
   6.5865411758  27.4404373169
   6.5865416527  27.4604377747
   6.5865421295  27.4804382324
   6.5865421295  27.5004386902
   6.5865421295  27.5204391479
   6.5865421295  27.5404396057
   6.5865421295  27.5604400635
   6.5865421295  27.5804405212
   6.5865421295  27.6004409790
   6.5865421295  27.6204414368
   6.5865421295  27.6404418945
   6.5865421295  27.6604423523
   6.5865421295  27.6804428101
   6.5865421295  27.7004432678
   6.5865421295  27.7204437256
   6.5865421295  27.7404441833
   6.5865421295  27.7604446411
   6.5865421295  27.7804450989
   6.5865421295  27.8004455566
   6.5865421295  27.8204460144
   6.5865421295  27.8404464722
   6.5865421295  27.8604469299
   6.5865421295  27.8804473877
   6.5865421295  27.9004478455
   6.5865421295  27.9204483032
   6.5865421295  27.9404487610
   6.5865421295  27.9604492188
   6.5865421295  27.9804496765
   6.5865421295  28.0004501343
   6.5865421295  28.0204505920
   6.5865421295  28.0404510498
   6.5865421295  28.0604515076
   6.5865421295  28.0804519653
   6.5865421295  28.1004524231
   6.5865421295  28.1204528809
   6.5865421295  28.1404533386
   6.5865421295  28.1604537964
   6.5865421295  28.1804542542
   6.5865421295  28.2004547119
   6.5865421295  28.2204551697
   6.5865421295  28.2404556274
   6.5865421295  28.2604560852
   6.5865421295  28.2804565430
   6.5865421295  28.3004570007
   6.5865421295  28.3204574585
   6.5865421295  28.3404579163
   6.5865421295  28.3604583740
   6.5865421295  28.3804588318
   6.5865421295  28.4004592896
   6.5865421295  28.4204597473
   6.5865421295  28.4404602051
   6.5865421295  28.4604606628
   6.5865421295  28.4804611206
   6.5865421295  28.5004615784
   6.5865421295  28.5204620361
   6.5865421295  28.5404624939
   6.5865421295  28.5604629517
   6.5865421295  28.5804634094
   6.5865421295  28.6004638672
   6.5865421295  28.6204643250
   6.5865421295  28.6404647827
   6.5865421295  28.6604652405
   6.5865421295  28.6804656982
   6.5865421295  28.7004661560
   6.5865421295  28.7204666138
   6.5865421295  28.7404670715
   6.5865421295  28.7604675293
   6.5865421295  28.7804679871
   6.5865421295  28.8004684448
   6.5865421295  28.8204689026
   6.5865421295  28.8404693604
   6.5865421295  28.8604698181
   6.5865421295  28.8804702759
   6.5865421295  28.9004707336
   6.5865421295  28.9204711914
   6.5865421295  28.9404716492
   6.5865421295  28.9604721069
   6.5865421295  28.9804725647
   6.5865421295  29.0004730225
   6.5865421295  29.0204734802
   6.5865421295  29.0404739380
   6.5865421295  29.0604743958
   6.5865421295  29.0804748535
   6.5865421295  29.1004753113
   6.5865421295  29.1204757690
   6.5865421295  29.1404762268
   6.5865421295  29.1604766846
   6.5865421295  29.1804771423
   6.5865421295  29.2004776001
   6.5865421295  29.2204780579
   6.5865421295  29.2404785156
   6.5865421295  29.2604789734
   6.5865421295  29.2804794312
   6.5865421295  29.3004798889
   6.5865421295  29.3204803467
   6.5865421295  29.3404808044
   6.5865421295  29.3604812622
   6.5865421295  29.3804817200
   6.5865421295  29.4004821777
   6.5865421295  29.4204826355
   6.5865421295  29.4404830933
   6.5865421295  29.4604835510
   6.5865421295  29.4804840088
   6.5865421295  29.5004844666
   6.5865421295  29.5204849243
   6.5865421295  29.5404853821
   6.5865421295  29.5604858398
   6.5865421295  29.5804862976
   6.5865421295  29.6004867554
   6.5865421295  29.6204872131
   6.5865421295  29.6404876709
   6.5865421295  29.6604881287
   6.5865421295  29.6804885864
   6.5865421295  29.7004890442
   6.5865421295  29.7204895020
   6.5865421295  29.7404899597
   6.5865421295  29.7604904175
   6.5865421295  29.7804908752
   6.5865421295  29.8004913330
   6.5865421295  29.8204917908
   6.5865421295  29.8404922485
   6.5865421295  29.8604927063
   6.5865421295  29.8804931641
   6.5865421295  29.9004936218
   6.5865421295  29.9204940796
   6.5865421295  29.9404945374
   6.5865421295  29.9604949951
   6.5865421295  29.9804954529
   6.5865421295  30.0004959106
   6.5865421295  30.0204963684
   6.5865421295  30.0404968262
   6.5865421295  30.0604972839
   6.5865421295  30.0804977417
   6.5865421295  30.1004981995
   6.5865421295  30.1204986572
   6.5865421295  30.1404991150
   6.5865421295  30.1604995728
   6.5865421295  30.1805000305
   6.5865421295  30.2005004883
   6.5865421295  30.2205009460
   6.5865421295  30.2405014038
   6.5865421295  30.2605018616
   6.5865421295  30.2805023193
   6.5865421295  30.3005027771
   6.5865421295  30.3205032349
   6.5865421295  30.3405036926
   6.5865421295  30.3605041504
   6.5865421295  30.3805046082
   6.5865421295  30.4005050659
   6.5865421295  30.4205055237
   6.5865421295  30.4405059814
   6.5865421295  30.4605064392
   6.5865421295  30.4805068970
   6.5865421295  30.5005073547
   6.5865421295  30.5205078125
   6.5865421295  30.5405082703
   6.5865421295  30.5605087280
   6.5865421295  30.5805091858
   6.5865421295  30.6005096436
   6.5865421295  30.6205101013
   6.5865421295  30.6405105591
   6.5865421295  30.6605110168
   6.5865421295  30.6805114746
   6.5865421295  30.7005119324
   6.5865421295  30.7205123901
   6.5865421295  30.7405128479
   6.5865421295  30.7605133057
   6.5865421295  30.7805137634
   6.5865421295  30.8005142212
   6.5865421295  30.8205146790
   6.5865421295  30.8405151367
   6.5865421295  30.8605155945
   6.5865421295  30.8805160522
   6.5865421295  30.9005165100
   6.5865421295  30.9205169678
   6.5865421295  30.9405174255
   6.5865421295  30.9605178833
   6.5865421295  30.9805183411
   6.5865421295  31.0005187988
   6.5865421295  31.0205192566
   6.5865421295  31.0405197144
   6.5865421295  31.0605201721
   6.5865421295  31.0805206299
   6.5865421295  31.1005210876
   6.5865421295  31.1205215454
   6.5865421295  31.1405220032
   6.5865421295  31.1605224609
   6.5865421295  31.1805229187
   6.5865421295  31.2005233765
   6.5865421295  31.2205238342
   6.5865421295  31.2405242920
   6.5865421295  31.2605247498
   6.5865421295  31.2805252075
   6.5865421295  31.3005256653
   6.5865421295  31.3205261230
   6.5865421295  31.3405265808
   6.5865421295  31.3605270386
   6.5865421295  31.3805274963
   6.5865421295  31.4005279541
   6.5865421295  31.4205284119
   6.5865421295  31.4405288696
   6.5865421295  31.4605293274
   6.5865421295  31.4805297852
   6.5865421295  31.5005302429
   6.5865421295  31.5205307007
   6.5865421295  31.5405311584
   6.5865421295  31.5605316162
   6.5865421295  31.5805320740
   6.5865421295  31.6005325317
   6.5865421295  31.6205329895
   6.5865421295  31.6405334473
   6.5865421295  31.6605339050
   6.5865421295  31.6805343628
   6.5865421295  31.7005348206
   6.5865421295  31.7205352783
   6.5865421295  31.7405357361
   6.5865421295  31.7605361938
   6.5865421295  31.7805366516
   6.5865421295  31.8005371094
   6.5865421295  31.8205375671
   6.5865421295  31.8405380249
   6.5865421295  31.8605384827
   6.5865421295  31.8805389404
   6.5865421295  31.9005393982
   6.5865421295  31.9205398560
   6.5865421295  31.9405403137
   6.5865421295  31.9605407715
   6.5865421295  31.9805412292
   6.5865421295  32.0005416870
   6.5865421295  32.0205421448
   6.5865421295  32.0405426025
   6.5865421295  32.0605430603
   6.5865421295  32.0805435181
   6.5865421295  32.1005439758
   6.5865421295  32.1205444336
   6.5865421295  32.1405448914
   6.5865421295  32.1605453491
   6.5865421295  32.1805458069
   6.5865421295  32.2005462646
   6.5865421295  32.2205467224
   6.5865421295  32.2405471802
   6.5865421295  32.2605476379
   6.5865421295  32.2805480957
   6.5865421295  32.3005485535
   6.5865421295  32.3205490112
   6.5865421295  32.3405494690
   6.5865421295  32.3605499268
   6.5865421295  32.3805503845
   6.5865421295  32.4005508423
   6.5865421295  32.4205513000
   6.5865421295  32.4405517578
   6.5865421295  32.4605522156
   6.5865421295  32.4805526733
   6.5865421295  32.5005531311
   6.5865421295  32.5205535889
   6.5865421295  32.5405540466
   6.5865421295  32.5605545044
   6.5865421295  32.5805549622
   6.5865421295  32.6005554199
   6.5865421295  32.6205558777
   6.5865421295  32.6405563354
   6.5865421295  32.6605567932
   6.5865421295  32.6805572510
   6.5865421295  32.7005577087
   6.5865421295  32.7205581665
   6.5865421295  32.7405586243
   6.5865421295  32.7605590820
   6.5865421295  32.7805595398
   6.5865421295  32.8005599976
   6.5865421295  32.8205604553
   6.5865421295  32.8405609131
   6.5865421295  32.8605613708
   6.5865421295  32.8805618286
   6.5865421295  32.9005622864
   6.5865421295  32.9205627441
   6.5865421295  32.9405632019
   6.5865421295  32.9605636597
   6.5865421295  32.9805641174
   6.5865421295  33.0005645752
   6.5865421295  33.0205650330
   6.5865421295  33.0405654907
   6.5865421295  33.0605659485
   6.5865421295  33.0805664062
   6.5865421295  33.1005668640
   6.5865421295  33.1205673218
   6.5865421295  33.1405677795
   6.5865421295  33.1605682373
   6.5865421295  33.1805686951
   6.5865421295  33.2005691528
   6.5865421295  33.2205696106
   6.5865421295  33.2405700684
   6.5865421295  33.2605705261
   6.5865421295  33.2805709839
   6.5865421295  33.3005714417
   6.5865421295  33.3205718994
   6.5865421295  33.3405723572
   6.5865421295  33.3605728149
   6.5865421295  33.3805732727
   6.5865421295  33.4005737305
   6.5865421295  33.4205741882
   6.5865421295  33.4405746460
   6.5865421295  33.4605751038
   6.5865421295  33.4805755615
   6.5865421295  33.5005760193
   6.5865421295  33.5205764771
   6.5865421295  33.5405769348
   6.5865421295  33.5605773926
   6.5865421295  33.5805778503
   6.5865421295  33.6005783081
   6.5865421295  33.6205787659
   6.5865421295  33.6405792236
   6.5865421295  33.6605796814
   6.5865421295  33.6805801392
   6.5865421295  33.7005805969
   6.5865421295  33.7205810547
   6.5865421295  33.7405815125
   6.5865421295  33.7605819702
   6.5865421295  33.7805824280
   6.5865421295  33.8005828857
   6.5865421295  33.8205833435
   6.5865421295  33.8405838013
   6.5865421295  33.8605842590
   6.5865421295  33.8805847168
   6.5865421295  33.9005851746
   6.5865421295  33.9205856323
   6.5865421295  33.9405860901
   6.5865421295  33.9605865479
   6.5865421295  33.9805870056
   6.5865421295  34.0005874634
   6.5865421295  34.0205879211
   6.5865421295  34.0405883789
   6.5865421295  34.0605888367
   6.5865421295  34.0805892944
   6.5865421295  34.1005897522
   6.5865421295  34.1205902100
   6.5865421295  34.1405906677
   6.5865421295  34.1605911255
   6.5865421295  34.1805915833
   6.5865421295  34.2005920410
   6.5865421295  34.2205924988
   6.5865421295  34.2405929565
   6.5865421295  34.2605934143
   6.5865421295  34.2805938721
   6.5865421295  34.3005943298
   6.5865421295  34.3205947876
   6.5865421295  34.3405952454
   6.5865421295  34.3605957031
   6.5865421295  34.3805961609
   6.5865421295  34.4005966187
   6.5865421295  34.4205970764
   6.5865421295  34.4405975342
   6.5865421295  34.4605979919
   6.5865421295  34.4805984497
   6.5865421295  34.5005989075
   6.5865421295  34.5205993652
   6.5865421295  34.5405998230
   6.5865421295  34.5606002808
   6.5865421295  34.5806007385
   6.5865421295  34.6006011963
   6.5865421295  34.6206016541
   6.5865421295  34.6406021118
   6.5865421295  34.6606025696
   6.5865421295  34.6806030273
   6.5865421295  34.7006034851
   6.5865421295  34.7206039429
   6.5865421295  34.7406044006
   6.5865421295  34.7606048584
   6.5865421295  34.7806053162
   6.5865421295  34.8006057739
   6.5865421295  34.8206062317
   6.5865421295  34.8406066895
   6.5865421295  34.8606071472
   6.5865421295  34.8806076050
   6.5865421295  34.9006080627
   6.5865421295  34.9206085205
   6.5865421295  34.9406089783
   6.5865421295  34.9606094360
   6.5865421295  34.9806098938
   6.5865421295  35.0006103516
   6.5865421295  35.0206108093
   6.5865421295  35.0406112671
   6.5865421295  35.0606117249
   6.5865421295  35.0806121826
   6.5865421295  35.1006126404
   6.5865421295  35.1206130981
   6.5865421295  35.1406135559
   6.5865421295  35.1606140137
   6.5865421295  35.1806144714
   6.5865421295  35.2006149292
   6.5865421295  35.2206153870
   6.5865421295  35.2406158447
   6.5865421295  35.2606163025
   6.5865421295  35.2806167603
   6.5865421295  35.3006172180
   6.5865421295  35.3206176758
   6.5865421295  35.3406181335
   6.5865421295  35.3606185913
   6.5865421295  35.3806190491
   6.5865421295  35.4006195068
   6.5865421295  35.4206199646
   6.5865421295  35.4406204224
   6.5865421295  35.4606208801
   6.5865421295  35.4806213379
   6.5865421295  35.5006217957
   6.5865421295  35.5206222534
   6.5865421295  35.5406227112
   6.5865421295  35.5606231689
   6.5865421295  35.5806236267
   6.5865421295  35.6006240845
   6.5865421295  35.6206245422
   6.5865421295  35.6406250000
   6.5865421295  35.6606254578
   6.5865421295  35.6806259155
   6.5865421295  35.7006263733
   6.5865421295  35.7206268311
   6.5865421295  35.7406272888
   6.5865421295  35.7606277466
   6.5865421295  35.7806282043
   6.5865421295  35.8006286621
   6.5865421295  35.8206291199
   6.5865421295  35.8406295776
   6.5865421295  35.8606300354
   6.5865421295  35.8806304932
   6.5865421295  35.9006309509
   6.5865421295  35.9206314087
   6.5865421295  35.9406318665
   6.5865421295  35.9606323242
   6.5865421295  35.9806327820
   6.5865421295  36.0006332397
   6.5865421295  36.0206336975
   6.5865421295  36.0406341553
   6.5865421295  36.0606346130
   6.5865421295  36.0806350708
   6.5865421295  36.1006355286
   6.5865421295  36.1206359863
   6.5865421295  36.1406364441
   6.5865421295  36.1606369019
   6.5865421295  36.1806373596
   6.5865421295  36.2006378174
   6.5865421295  36.2206382751
   6.5865421295  36.2406387329
   6.5865421295  36.2606391907
   6.5865421295  36.2806396484
   6.5865421295  36.3006401062
   6.5865421295  36.3206405640
   6.5865421295  36.3406410217
   6.5865421295  36.3606414795
   6.5865421295  36.3806419373
   6.5865421295  36.4006423950
   6.5865421295  36.4206428528
   6.5865421295  36.4406433105
   6.5865421295  36.4606437683
   6.5865421295  36.4806442261
   6.5865421295  36.5006446838
   6.5865421295  36.5206451416
   6.5865421295  36.5406455994
   6.5865421295  36.5606460571
   6.5865421295  36.5806465149
   6.5865421295  36.6006469727
   6.5865421295  36.6206474304
   6.5865421295  36.6406478882
   6.5865421295  36.6606483459
   6.5865421295  36.6806488037
   6.5865421295  36.7006492615
   6.5865421295  36.7206497192
   6.5865421295  36.7406501770
   6.5865421295  36.7606506348
   6.5865421295  36.7806510925
   6.5865421295  36.8006515503
   6.5865421295  36.8206520081
   6.5865421295  36.8406524658
   6.5865421295  36.8606529236
   6.5865421295  36.8806533813
   6.5865421295  36.9006538391
   6.5865421295  36.9206542969
   6.5865421295  36.9406547546
   6.5865421295  36.9606552124
   6.5865421295  36.9806556702
   6.5865421295  37.0006561279
   6.5865421295  37.0206565857
   6.5865421295  37.0406570435
   6.5865421295  37.0606575012
   6.5865421295  37.0806579590
   6.5865421295  37.1006584167
   6.5865421295  37.1206588745
   6.5865421295  37.1406593323
   6.5865421295  37.1606597900
   6.5865421295  37.1806602478
   6.5865421295  37.2006607056
   6.5865421295  37.2206611633
   6.5865421295  37.2406616211
   6.5865421295  37.2606620789
   6.5865421295  37.2806625366
   6.5865421295  37.3006629944
   6.5865421295  37.3206634521
   6.5865421295  37.3406639099
   6.5865421295  37.3606643677
   6.5865421295  37.3806648254
   6.5865421295  37.4006652832
   6.5865421295  37.4206657410
   6.5865421295  37.4406661987
   6.5865421295  37.4606666565
   6.5865421295  37.4806671143
   6.5865421295  37.5006675720
   6.5865421295  37.5206680298
   6.5865421295  37.5406684875
   6.5865421295  37.5606689453
   6.5865421295  37.5806694031
   6.5865421295  37.6006698608
   6.5865421295  37.6206703186
   6.5865421295  37.6406707764
   6.5865421295  37.6606712341
   6.5865421295  37.6806716919
   6.5865421295  37.7006721497
   6.5865421295  37.7206726074
   6.5865421295  37.7406730652
   6.5865421295  37.7606735229
   6.5865421295  37.7806739807
   6.5865421295  37.8006744385
   6.5865421295  37.8206748962
   6.5865421295  37.8406753540
   6.5865421295  37.8606758118
   6.5865421295  37.8806762695
   6.5865421295  37.9006767273
   6.5865421295  37.9206771851
   6.5865421295  37.9406776428
   6.5865421295  37.9606781006
   6.5865421295  37.9806785583
   6.5865421295  38.0006790161
   6.5865421295  38.0206794739
   6.5865421295  38.0406799316
   6.5865421295  38.0606803894
   6.5865421295  38.0806808472
   6.5865421295  38.1006813049
   6.5865421295  38.1206817627
   6.5865421295  38.1406822205
   6.5865421295  38.1606826782
   6.5865421295  38.1806831360
   6.5865421295  38.2006835938
   6.5865421295  38.2206840515
   6.5865421295  38.2406845093
   6.5865421295  38.2606849670
   6.5865421295  38.2806854248
   6.5865421295  38.3006858826
   6.5865421295  38.3206863403
   6.5865421295  38.3406867981
   6.5865421295  38.3606872559
   6.5865421295  38.3806877136
   6.5865421295  38.4006881714
   6.5865421295  38.4206886292
   6.5865421295  38.4406890869
   6.5865421295  38.4606895447
   6.5865421295  38.4806900024
   6.5865421295  38.5006904602
   6.5865421295  38.5206909180
   6.5865421295  38.5406913757
   6.5865421295  38.5606918335
   6.5865421295  38.5806922913
   6.5865421295  38.6006927490
   6.5865421295  38.6206932068
   6.5865421295  38.6406936646
   6.5865421295  38.6606941223
   6.5865421295  38.6806945801
   6.5865421295  38.7006950378
   6.5865421295  38.7206954956
   6.5865421295  38.7406959534
   6.5865421295  38.7606964111
   6.5865421295  38.7806968689
   6.5865421295  38.8006973267
   6.5865421295  38.8206977844
   6.5865421295  38.8406982422
   6.5865421295  38.8606987000
   6.5865421295  38.8806991577
   6.5865421295  38.9006996155
   6.5865421295  38.9207000732
   6.5865421295  38.9407005310
   6.5865421295  38.9607009888
   6.5865421295  38.9807014465
   6.5865421295  39.0007019043
   6.5865421295  39.0207023621
   6.5865421295  39.0407028198
   6.5865421295  39.0607032776
   6.5865421295  39.0807037354
   6.5865421295  39.1007041931
   6.5865421295  39.1207046509
   6.5865421295  39.1407051086
   6.5865421295  39.1607055664
   6.5865421295  39.1807060242
   6.5865421295  39.2007064819
   6.5865421295  39.2207069397
   6.5865421295  39.2407073975
   6.5865421295  39.2607078552
   6.5865421295  39.2807083130
   6.5865421295  39.3007087708
   6.5865421295  39.3207092285
   6.5865421295  39.3407096863
   6.5865421295  39.3607101440
   6.5865421295  39.3807106018
   6.5865421295  39.4007110596
   6.5865421295  39.4207115173
   6.5865421295  39.4407119751
   6.5865421295  39.4607124329
   6.5865421295  39.4807128906
   6.5865421295  39.5007133484
   6.5865421295  39.5207138062
   6.5865421295  39.5407142639
   6.5865421295  39.5607147217
   6.5865421295  39.5807151794
   6.5865421295  39.6007156372
   6.5865421295  39.6207160950
   6.5865421295  39.6407165527
   6.5865421295  39.6607170105
   6.5865421295  39.6807174683
   6.5865421295  39.7007179260
   6.5865421295  39.7207183838
   6.5865421295  39.7407188416
   6.5865421295  39.7607192993
   6.5865421295  39.7807197571
   6.5865421295  39.8007202148
   6.5865421295  39.8207206726
   6.5865421295  39.8407211304
   6.5865421295  39.8607215881
   6.5865421295  39.8807220459
   6.5865421295  39.9007225037
   6.5865421295  39.9207229614
   6.5865421295  39.9407234192
   6.5865421295  39.9607238770
   6.5865421295  39.9807243347
   6.5865421295  40.0007247925
   6.5865421295  40.0207252502
   6.5865421295  40.0407257080
   6.5865421295  40.0607261658
   6.5865421295  40.0807266235
   6.5865421295  40.1007270813
   6.5865421295  40.1207275391
   6.5865421295  40.1407279968
   6.5865421295  40.1607284546
   6.5865421295  40.1807289124
   6.5865421295  40.2007293701
   6.5865421295  40.2207298279
   6.5865421295  40.2407302856
   6.5865421295  40.2607307434
   6.5865421295  40.2807312012
   6.5865421295  40.3007316589
   6.5865421295  40.3207321167
   6.5865421295  40.3407325745
   6.5865421295  40.3607330322
   6.5865421295  40.3807334900
   6.5865421295  40.4007339478
   6.5865421295  40.4207344055
   6.5865421295  40.4407348633
   6.5865421295  40.4607353210
   6.5865421295  40.4807357788
   6.5865421295  40.5007362366
   6.5865421295  40.5207366943
   6.5865421295  40.5407371521
   6.5865421295  40.5607376099
   6.5865421295  40.5807380676
   6.5865421295  40.6007385254
   6.5865421295  40.6207389832
   6.5865421295  40.6407394409
   6.5865421295  40.6607398987
   6.5865421295  40.6807403564
   6.5865421295  40.7007408142
   6.5865421295  40.7207412720
   6.5865421295  40.7407417297
   6.5865421295  40.7607421875
   6.5865421295  40.7807426453
   6.5865421295  40.8007431030
   6.5865421295  40.8207435608
   6.5865421295  40.8407440186
   6.5865421295  40.8607444763
   6.5865421295  40.8807449341
   6.5865421295  40.9007453918
   6.5865421295  40.9207458496
   6.5865421295  40.9407463074
   6.5865421295  40.9607467651
   6.5865421295  40.9807472229
   6.5865421295  41.0007476807
   6.5865421295  41.0207481384
   6.5865421295  41.0407485962
   6.5865421295  41.0607490540
   6.5865421295  41.0807495117
   6.5865421295  41.1007499695
   6.5865421295  41.1207504272
   6.5865421295  41.1407508850
   6.5865421295  41.1607513428
   6.5865421295  41.1807518005
   6.5865421295  41.2007522583
   6.5865421295  41.2207527161
   6.5865421295  41.2407531738
   6.5865421295  41.2607536316
   6.5865421295  41.2807540894
   6.5865421295  41.3007545471
   6.5865421295  41.3207550049
   6.5865421295  41.3407554626
   6.5865421295  41.3607559204
   6.5865421295  41.3807563782
   6.5865421295  41.4007568359
   6.5865421295  41.4207572937
   6.5865421295  41.4407577515
   6.5865421295  41.4607582092
   6.5865421295  41.4807586670
   6.5865421295  41.5007591248
   6.5865421295  41.5207595825
   6.5865421295  41.5407600403
   6.5865421295  41.5607604980
   6.5865421295  41.5807609558
   6.5865421295  41.6007614136
   6.5865421295  41.6207618713
   6.5865421295  41.6407623291
   6.5865421295  41.6607627869
   6.5865421295  41.6807632446
   6.5865421295  41.7007637024
   6.5865421295  41.7207641602
   6.5865421295  41.7407646179
   6.5865421295  41.7607650757
   6.5865421295  41.7807655334
   6.5865421295  41.8007659912
   6.5865421295  41.8207664490
   6.5865421295  41.8407669067
   6.5865421295  41.8607673645
   6.5865421295  41.8807678223
   6.5865421295  41.9007682800
   6.5865421295  41.9207687378
   6.5865421295  41.9407691956
   6.5865421295  41.9607696533
   6.5865421295  41.9807701111
   6.5865421295  42.0007705688
   6.5865421295  42.0207710266
   6.5865421295  42.0407714844
   6.5865421295  42.0607719421
   6.5865421295  42.0807723999
   6.5865421295  42.1007728577
   6.5865421295  42.1207733154
   6.5865421295  42.1407737732
   6.5865421295  42.1607742310
   6.5865421295  42.1807746887
   6.5865421295  42.2007751465
   6.5865421295  42.2207756042
   6.5865421295  42.2407760620
   6.5865421295  42.2607765198
   6.5865421295  42.2807769775
   6.5865421295  42.3007774353
   6.5865421295  42.3207778931
   6.5865421295  42.3407783508
   6.5865421295  42.3607788086
   6.5865421295  42.3807792664
   6.5865421295  42.4007797241
   6.5865421295  42.4207801819
   6.5865421295  42.4407806396
   6.5865421295  42.4607810974
   6.5865421295  42.4807815552
   6.5865421295  42.5007820129
   6.5865421295  42.5207824707
   6.5865421295  42.5407829285
   6.5865421295  42.5607833862
   6.5865421295  42.5807838440
   6.5865421295  42.6007843018
   6.5865421295  42.6207847595
   6.5865421295  42.6407852173
   6.5865421295  42.6607856750
   6.5865421295  42.6807861328
   6.5865421295  42.7007865906
   6.5865421295  42.7207870483
   6.5865421295  42.7407875061
   6.5865421295  42.7607879639
   6.5865421295  42.7807884216
   6.5865421295  42.8007888794
   6.5865421295  42.8207893372
   6.5865421295  42.8407897949
   6.5865421295  42.8607902527
   6.5865421295  42.8807907104
   6.5865421295  42.9007911682
   6.5865421295  42.9207916260
   6.5865421295  42.9407920837
   6.5865421295  42.9607925415
   6.5865421295  42.9807929993
   6.5865421295  43.0007934570
   6.5865421295  43.0207939148
   6.5865421295  43.0407943726
   6.5865421295  43.0607948303
   6.5865421295  43.0807952881
   6.5865421295  43.1007957458
   6.5865421295  43.1207962036
   6.5865421295  43.1407966614
   6.5865421295  43.1607971191
   6.5865421295  43.1807975769
   6.5865421295  43.2007980347
   6.5865421295  43.2207984924
   6.5865421295  43.2407989502
   6.5865421295  43.2607994080
   6.5865421295  43.2807998657
   6.5865421295  43.3008003235
   6.5865421295  43.3208007812
   6.5865421295  43.3408012390
   6.5865421295  43.3608016968
   6.5865421295  43.3808021545
   6.5865421295  43.4008026123
   6.5865421295  43.4208030701
   6.5865421295  43.4408035278
   6.5865421295  43.4608039856
   6.5865421295  43.4808044434
   6.5865421295  43.5008049011
   6.5865421295  43.5208053589
   6.5865421295  43.5408058167
   6.5865421295  43.5608062744
   6.5865421295  43.5808067322
   6.5865421295  43.6008071899
   6.5865421295  43.6208076477
   6.5865421295  43.6408081055
   6.5865421295  43.6608085632
   6.5865421295  43.6808090210
   6.5865421295  43.7008094788
   6.5865421295  43.7208099365
   6.5865421295  43.7408103943
   6.5865421295  43.7608108521
   6.5865421295  43.7808113098
   6.5865421295  43.8008117676
   6.5865421295  43.8208122253
   6.5865421295  43.8408126831
   6.5865421295  43.8608131409
   6.5865421295  43.8808135986
   6.5865421295  43.9008140564
   6.5865421295  43.9208145142
   6.5865421295  43.9408149719
   6.5865421295  43.9608154297
   6.5865421295  43.9808158875
   6.5865421295  44.0008163452
   6.5865421295  44.0208168030
   6.5865421295  44.0408172607
   6.5865421295  44.0608177185
   6.5865421295  44.0808181763
   6.5865421295  44.1008186340
   6.5865421295  44.1208190918
   6.5865421295  44.1408195496
   6.5865421295  44.1608200073
   6.5865421295  44.1808204651
   6.5865421295  44.2008209229
   6.5865421295  44.2208213806
   6.5865421295  44.2408218384
   6.5865421295  44.2608222961
   6.5865421295  44.2808227539
   6.5865421295  44.3008232117
   6.5865421295  44.3208236694
   6.5865421295  44.3408241272
   6.5865421295  44.3608245850
   6.5865421295  44.3808250427
   6.5865421295  44.4008255005
   6.5865421295  44.4208259583
   6.5865421295  44.4408264160
   6.5865421295  44.4608268738
   6.5865421295  44.4808273315
   6.5865421295  44.5008277893
   6.5865421295  44.5208282471
   6.5865421295  44.5408287048
   6.5865421295  44.5608291626
   6.5865421295  44.5808296204
   6.5865421295  44.6008300781
   6.5865421295  44.6208305359
   6.5865421295  44.6408309937
   6.5865421295  44.6608314514
   6.5865421295  44.6808319092
   6.5865421295  44.7008323669
   6.5865421295  44.7208328247
   6.5865421295  44.7408332825
   6.5865421295  44.7608337402
   6.5865421295  44.7808341980
   6.5865421295  44.8008346558
   6.5865421295  44.8208351135
   6.5865421295  44.8408355713
   6.5865421295  44.8608360291
   6.5865421295  44.8808364868
   6.5865421295  44.9008369446
   6.5865421295  44.9208374023
   6.5865421295  44.9408378601
   6.5865421295  44.9608383179
   6.5865421295  44.9808387756
   6.5865421295  45.0008392334
   6.5865421295  45.0208396912
   6.5865421295  45.0408401489
   6.5865421295  45.0608406067
   6.5865421295  45.0808410645
   6.5865421295  45.1008415222
   6.5865421295  45.1208419800
   6.5865421295  45.1408424377
   6.5865421295  45.1608428955
   6.5865421295  45.1808433533
   6.5865421295  45.2008438110
   6.5865421295  45.2208442688
   6.5865421295  45.2408447266
   6.5865421295  45.2608451843
   6.5865421295  45.2808456421
   6.5865421295  45.3008460999
   6.5865421295  45.3208465576
   6.5865421295  45.3408470154
   6.5865421295  45.3608474731
   6.5865421295  45.3808479309
   6.5865421295  45.4008483887
   6.5865421295  45.4208488464
   6.5865421295  45.4408493042
   6.5865421295  45.4608497620
   6.5865421295  45.4808502197
   6.5865421295  45.5008506775
   6.5865421295  45.5208511353
   6.5865421295  45.5408515930
   6.5865421295  45.5608520508
   6.5865421295  45.5808525085
   6.5865421295  45.6008529663
   6.5865421295  45.6208534241
   6.5865421295  45.6408538818
   6.5865421295  45.6608543396
   6.5865421295  45.6808547974
   6.5865421295  45.7008552551
   6.5865421295  45.7208557129
   6.5865421295  45.7408561707
   6.5865421295  45.7608566284
   6.5865421295  45.7808570862
   6.5865421295  45.8008575439
   6.5865421295  45.8208580017
   6.5865421295  45.8408584595
   6.5865421295  45.8608589172
   6.5865421295  45.8808593750
   6.5865421295  45.9008598328
   6.5865421295  45.9208602905
   6.5865421295  45.9408607483
   6.5865421295  45.9608612061
   6.5865421295  45.9808616638
   6.5865421295  46.0008621216
   6.5865421295  46.0208625793
   6.5865421295  46.0408630371
   6.5865421295  46.0608634949
   6.5865421295  46.0808639526
   6.5865421295  46.1008644104
   6.5865421295  46.1208648682
   6.5865421295  46.1408653259
   6.5865421295  46.1608657837
   6.5865421295  46.1808662415
   6.5865421295  46.2008666992
   6.5865421295  46.2208671570
   6.5865421295  46.2408676147
   6.5865421295  46.2608680725
   6.5865421295  46.2808685303
   6.5865421295  46.3008689880
   6.5865421295  46.3208694458
   6.5865421295  46.3408699036
   6.5865421295  46.3608703613
   6.5865421295  46.3808708191
   6.5865421295  46.4008712769
   6.5865421295  46.4208717346
   6.5865421295  46.4408721924
   6.5865421295  46.4608726501
   6.5865421295  46.4808731079
   6.5865421295  46.5008735657
   6.5865421295  46.5208740234
   6.5865421295  46.5408744812
   6.5865421295  46.5608749390
   6.5865421295  46.5808753967
   6.5865421295  46.6008758545
   6.5865421295  46.6208763123
   6.5865421295  46.6408767700
   6.5865421295  46.6608772278
   6.5865421295  46.6808776855
   6.5865421295  46.7008781433
   6.5865421295  46.7208786011
   6.5865421295  46.7408790588
   6.5865421295  46.7608795166
   6.5865421295  46.7808799744
   6.5865421295  46.8008804321
   6.5865421295  46.8208808899
   6.5865421295  46.8408813477
   6.5865421295  46.8608818054
   6.5865421295  46.8808822632
   6.5865421295  46.9008827209
   6.5865421295  46.9208831787
   6.5865421295  46.9408836365
   6.5865421295  46.9608840942
   6.5865421295  46.9808845520
   6.5865421295  47.0008850098
   6.5865421295  47.0208854675
   6.5865421295  47.0408859253
   6.5865421295  47.0608863831
   6.5865421295  47.0808868408
   6.5865421295  47.1008872986
   6.5865421295  47.1208877563
   6.5865421295  47.1408882141
   6.5865421295  47.1608886719
   6.5865421295  47.1808891296
   6.5865421295  47.2008895874
   6.5865421295  47.2208900452
   6.5865421295  47.2408905029
   6.5865421295  47.2608909607
   6.5865421295  47.2808914185
   6.5865421295  47.3008918762
   6.5865421295  47.3208923340
   6.5865421295  47.3408927917
   6.5865421295  47.3608932495
   6.5865421295  47.3808937073
   6.5865421295  47.4008941650
   6.5865421295  47.4208946228
   6.5865421295  47.4408950806
   6.5865421295  47.4608955383
   6.5865421295  47.4808959961
   6.5865421295  47.5008964539
   6.5865421295  47.5208969116
   6.5865421295  47.5408973694
   6.5865421295  47.5608978271
   6.5865421295  47.5808982849
   6.5865421295  47.6008987427
   6.5865421295  47.6208992004
   6.5865421295  47.6408996582
   6.5865421295  47.6609001160
   6.5865421295  47.6809005737
   6.5865421295  47.7009010315
   6.5865421295  47.7209014893
   6.5865421295  47.7409019470
   6.5865421295  47.7609024048
   6.5865421295  47.7809028625
   6.5865421295  47.8009033203
   6.5865421295  47.8209037781
   6.5865421295  47.8409042358
   6.5865421295  47.8609046936
   6.5865421295  47.8809051514
   6.5865421295  47.9009056091
   6.5865421295  47.9209060669
   6.5865421295  47.9409065247
   6.5865421295  47.9609069824
   6.5865421295  47.9809074402
   6.5865421295  48.0009078979
   6.5865421295  48.0209083557
   6.5865421295  48.0409088135
   6.5865421295  48.0609092712
   6.5865421295  48.0809097290
   6.5865421295  48.1009101868
   6.5865421295  48.1209106445
   6.5865421295  48.1409111023
   6.5865421295  48.1609115601
   6.5865421295  48.1809120178
   6.5865421295  48.2009124756
   6.5865421295  48.2209129333
   6.5865421295  48.2409133911
   6.5865421295  48.2609138489
   6.5865421295  48.2809143066
   6.5865421295  48.3009147644
   6.5865421295  48.3209152222
   6.5865421295  48.3409156799
   6.5865421295  48.3609161377
   6.5865421295  48.3809165955
   6.5865421295  48.4009170532
   6.5865421295  48.4209175110
   6.5865421295  48.4409179688
   6.5865421295  48.4609184265
   6.5865421295  48.4809188843
   6.5865421295  48.5009193420
   6.5865421295  48.5209197998
   6.5865421295  48.5409202576
   6.5865421295  48.5609207153
   6.5865421295  48.5809211731
   6.5865421295  48.6009216309
   6.5865421295  48.6209220886
   6.5865421295  48.6409225464
   6.5865421295  48.6609230042
   6.5865421295  48.6809234619
   6.5865421295  48.7009239197
   6.5865421295  48.7209243774
   6.5865421295  48.7409248352
   6.5865421295  48.7609252930
   6.5865421295  48.7809257507
   6.5865421295  48.8009262085
   6.5865421295  48.8209266663
   6.5865421295  48.8409271240
   6.5865421295  48.8609275818
   6.5865421295  48.8809280396
   6.5865421295  48.9009284973
   6.5865421295  48.9209289551
   6.5865421295  48.9409294128
   6.5865421295  48.9609298706
   6.5865421295  48.9809303284
   6.5865421295  49.0009307861
   6.5865421295  49.0209312439
   6.5865421295  49.0409317017
   6.5865421295  49.0609321594
   6.5865421295  49.0809326172
   6.5865421295  49.1009330750
   6.5865421295  49.1209335327
   6.5865421295  49.1409339905
   6.5865421295  49.1609344482
   6.5865421295  49.1809349060
   6.5865421295  49.2009353638
   6.5865421295  49.2209358215
   6.5865421295  49.2409362793
   6.5865421295  49.2609367371
   6.5865421295  49.2809371948
   6.5865421295  49.3009376526
   6.5865421295  49.3209381104
   6.5865421295  49.3409385681
   6.5865421295  49.3609390259
   6.5865421295  49.3809394836
   6.5865421295  49.4009399414
   6.5865421295  49.4209403992
   6.5865421295  49.4409408569
   6.5865421295  49.4609413147
   6.5865421295  49.4809417725
   6.5865421295  49.5009422302
   6.5865421295  49.5209426880
   6.5865421295  49.5409431458
   6.5865421295  49.5609436035
   6.5865421295  49.5809440613
   6.5865421295  49.6009445190
   6.5865421295  49.6209449768
   6.5865421295  49.6409454346
   6.5865421295  49.6609458923
   6.5865421295  49.6809463501
   6.5865421295  49.7009468079
   6.5865421295  49.7209472656
   6.5865421295  49.7409477234
   6.5865421295  49.7609481812
   6.5865421295  49.7809486389
   6.5865421295  49.8009490967
   6.5865421295  49.8209495544
   6.5865421295  49.8409500122
   6.5865421295  49.8609504700
   6.5865421295  49.8809509277
   6.5865421295  49.9009513855
   6.5865421295  49.9209518433
   6.5865421295  49.9409523010
   6.5865421295  49.9609527588
   6.5865421295  49.9809532166
   6.5865421295  50.0009536743
   6.5865421295  50.0209541321
   6.5865421295  50.0409545898
   6.5865421295  50.0609550476
   6.5865421295  50.0809555054
   6.5865421295  50.1009559631
   6.5865421295  50.1209564209
   6.5865421295  50.1409568787
   6.5865421295  50.1609573364
   6.5865421295  50.1809577942
   6.5865421295  50.2009582520
   6.5865421295  50.2209587097
   6.5865421295  50.2409591675
   6.5865421295  50.2609596252
   6.5865421295  50.2809600830
   6.5865421295  50.3009605408
   6.5865421295  50.3209609985
   6.5865421295  50.3409614563
   6.5865421295  50.3609619141
   6.5865421295  50.3809623718
   6.5865421295  50.4009628296
   6.5865421295  50.4209632874
   6.5865421295  50.4409637451
   6.5865421295  50.4609642029
   6.5865421295  50.4809646606
   6.5865421295  50.5009651184
   6.5865421295  50.5209655762
   6.5865421295  50.5409660339
   6.5865421295  50.5609664917
   6.5865421295  50.5809669495
   6.5865421295  50.6009674072
   6.5865421295  50.6209678650
   6.5865421295  50.6409683228
   6.5865421295  50.6609687805
   6.5865421295  50.6809692383
   6.5865421295  50.7009696960
   6.5865421295  50.7209701538
   6.5865421295  50.7409706116
   6.5865421295  50.7609710693
   6.5865421295  50.7809715271
   6.5865421295  50.8009719849
   6.5865421295  50.8209724426
   6.5865421295  50.8409729004
   6.5865421295  50.8609733582
   6.5865421295  50.8809738159
   6.5865421295  50.9009742737
   6.5865421295  50.9209747314
   6.5865421295  50.9409751892
   6.5865421295  50.9609756470
   6.5865421295  50.9809761047
   6.5865421295  51.0009765625
   6.5865421295  51.0209770203
   6.5865421295  51.0409774780
   6.5865421295  51.0609779358
   6.5865421295  51.0809783936
   6.5865421295  51.1009788513
   6.5865421295  51.1209793091
   6.5865421295  51.1409797668
   6.5865421295  51.1609802246
   6.5865421295  51.1809806824
   6.5865421295  51.2009811401
   6.5865421295  51.2209815979
   6.5865421295  51.2409820557
   6.5865421295  51.2609825134
   6.5865421295  51.2809829712
   6.5865421295  51.3009834290
   6.5865421295  51.3209838867
   6.5865421295  51.3409843445
   6.5865421295  51.3609848022
   6.5865421295  51.3809852600
   6.5865421295  51.4009857178
   6.5865421295  51.4209861755
   6.5865421295  51.4409866333
   6.5865421295  51.4609870911
   6.5865421295  51.4809875488
   6.5865421295  51.5009880066
   6.5865421295  51.5209884644
   6.5865421295  51.5409889221
   6.5865421295  51.5609893799
   6.5865421295  51.5809898376
   6.5865421295  51.6009902954
   6.5865421295  51.6209907532
   6.5865421295  51.6409912109
   6.5865421295  51.6609916687
   6.5865421295  51.6809921265
   6.5865421295  51.7009925842
   6.5865421295  51.7209930420
   6.5865421295  51.7409934998
   6.5865421295  51.7609939575
   6.5865421295  51.7809944153
   6.5865421295  51.8009948730
   6.5865421295  51.8209953308
   6.5865421295  51.8409957886
   6.5865421295  51.8609962463
   6.5865421295  51.8809967041
   6.5865421295  51.9009971619
   6.5865421295  51.9209976196
   6.5865421295  51.9409980774
   6.5865421295  51.9609985352
   6.5865421295  51.9809989929
   6.5865421295  52.0009994507
   6.5865421295  52.0209999084
   6.5865421295  52.0410003662
   6.5865421295  52.0610008240
   6.5865421295  52.0810012817
   6.5865421295  52.1010017395
   6.5865421295  52.1210021973
   6.5865421295  52.1410026550
   6.5865421295  52.1610031128
   6.5865421295  52.1810035706
   6.5865421295  52.2010040283
   6.5865421295  52.2210044861
   6.5865421295  52.2410049438
   6.5865421295  52.2610054016
   6.5865421295  52.2810058594
   6.5865421295  52.3010063171
   6.5865421295  52.3210067749
   6.5865421295  52.3410072327
   6.5865421295  52.3610076904
   6.5865421295  52.3810081482
   6.5865421295  52.4010086060
   6.5865421295  52.4210090637
   6.5865421295  52.4410095215
   6.5865421295  52.4610099792
   6.5865421295  52.4810104370
   6.5865421295  52.5010108948
   6.5865421295  52.5210113525
   6.5865421295  52.5410118103
   6.5865421295  52.5610122681
   6.5865421295  52.5810127258
   6.5865421295  52.6010131836
   6.5865421295  52.6210136414
   6.5865421295  52.6410140991
   6.5865421295  52.6610145569
   6.5865421295  52.6810150146
   6.5865421295  52.7010154724
   6.5865421295  52.7210159302
   6.5865421295  52.7410163879
   6.5865421295  52.7610168457
   6.5865421295  52.7810173035
   6.5865421295  52.8010177612
   6.5865421295  52.8210182190
   6.5865421295  52.8410186768
   6.5865421295  52.8610191345
   6.5865421295  52.8810195923
   6.5865421295  52.9010200500
   6.5865421295  52.9210205078
   6.5865421295  52.9410209656
   6.5865421295  52.9610214233
   6.5865421295  52.9810218811
   6.5865421295  53.0010223389
   6.5865421295  53.0210227966
   6.5865421295  53.0410232544
   6.5865421295  53.0610237122
   6.5865421295  53.0810241699
   6.5865421295  53.1010246277
   6.5865421295  53.1210250854
   6.5865421295  53.1410255432
   6.5865421295  53.1610260010
   6.5865421295  53.1810264587
   6.5865421295  53.2010269165
   6.5865421295  53.2210273743
   6.5865421295  53.2410278320
   6.5865421295  53.2610282898
   6.5865421295  53.2810287476
   6.5865421295  53.3010292053
   6.5865421295  53.3210296631
   6.5865421295  53.3410301208
   6.5865421295  53.3610305786
   6.5865421295  53.3810310364
   6.5865421295  53.4010314941
   6.5865421295  53.4210319519
   6.5865421295  53.4410324097
   6.5865421295  53.4610328674
   6.5865421295  53.4810333252
   6.5865421295  53.5010337830
   6.5865421295  53.5210342407
   6.5865421295  53.5410346985
   6.5865421295  53.5610351562
   6.5865421295  53.5810356140
   6.5865421295  53.6010360718
   6.5865421295  53.6210365295
   6.5865421295  53.6410369873
   6.5865421295  53.6610374451
   6.5865421295  53.6810379028
   6.5865421295  53.7010383606
   6.5865421295  53.7210388184
   6.5865421295  53.7410392761
   6.5865421295  53.7610397339
   6.5865421295  53.7810401917
   6.5865421295  53.8010406494
   6.5865421295  53.8210411072
   6.5865421295  53.8410415649
   6.5865421295  53.8610420227
   6.5865421295  53.8810424805
   6.5865421295  53.9010429382
   6.5865421295  53.9210433960
   6.5865421295  53.9410438538
   6.5865421295  53.9610443115
   6.5865421295  53.9810447693
   6.5865421295  54.0010452271
   6.5865421295  54.0210456848
   6.5865421295  54.0410461426
   6.5865421295  54.0610466003
   6.5865421295  54.0810470581
   6.5865421295  54.1010475159
   6.5865421295  54.1210479736
   6.5865421295  54.1410484314
   6.5865421295  54.1610488892
   6.5865421295  54.1810493469
   6.5865421295  54.2010498047
   6.5865421295  54.2210502625
   6.5865421295  54.2410507202
   6.5865421295  54.2610511780
   6.5865421295  54.2810516357
   6.5865421295  54.3010520935
   6.5865421295  54.3210525513
   6.5865421295  54.3410530090
   6.5865421295  54.3610534668
   6.5865421295  54.3810539246
   6.5865421295  54.4010543823
   6.5865421295  54.4210548401
   6.5865421295  54.4410552979
   6.5865421295  54.4610557556
   6.5865421295  54.4810562134
   6.5865421295  54.5010566711
   6.5865421295  54.5210571289
   6.5865421295  54.5410575867
   6.5865421295  54.5610580444
   6.5865421295  54.5810585022
   6.5865421295  54.6010589600
   6.5865421295  54.6210594177
   6.5865421295  54.6410598755
   6.5865421295  54.6610603333
   6.5865421295  54.6810607910
   6.5865421295  54.7010612488
   6.5865421295  54.7210617065
   6.5865421295  54.7410621643
   6.5865421295  54.7610626221
   6.5865421295  54.7810630798
   6.5865421295  54.8010635376
   6.5865421295  54.8210639954
   6.5865421295  54.8410644531
   6.5865421295  54.8610649109
   6.5865421295  54.8810653687
   6.5865421295  54.9010658264
   6.5865421295  54.9210662842
   6.5865421295  54.9410667419
   6.5865421295  54.9610671997
   6.5865421295  54.9810676575
   6.5865421295  55.0010681152
   6.5865421295  55.0210685730
   6.5865421295  55.0410690308
   6.5865421295  55.0610694885
   6.5865421295  55.0810699463
   6.5865421295  55.1010704041
   6.5865421295  55.1210708618
   6.5865421295  55.1410713196
   6.5865421295  55.1610717773
   6.5865421295  55.1810722351
   6.5865421295  55.2010726929
   6.5865421295  55.2210731506
   6.5865421295  55.2410736084
   6.5865421295  55.2610740662
   6.5865421295  55.2810745239
   6.5865421295  55.3010749817
   6.5865421295  55.3210754395
   6.5865421295  55.3410758972
   6.5865421295  55.3610763550
   6.5865421295  55.3810768127
   6.5865421295  55.4010772705
   6.5865421295  55.4210777283
   6.5865421295  55.4410781860
   6.5865421295  55.4610786438
   6.5865421295  55.4810791016
   6.5865421295  55.5010795593
   6.5865421295  55.5210800171
   6.5865421295  55.5410804749
   6.5865421295  55.5610809326
   6.5865421295  55.5810813904
   6.5865421295  55.6010818481
   6.5865421295  55.6210823059
   6.5865421295  55.6410827637
   6.5865421295  55.6610832214
   6.5865421295  55.6810836792
   6.5865421295  55.7010841370
   6.5865421295  55.7210845947
   6.5865421295  55.7410850525
   6.5865421295  55.7610855103
   6.5865421295  55.7810859680
   6.5865421295  55.8010864258
   6.5865421295  55.8210868835
   6.5865421295  55.8410873413
   6.5865421295  55.8610877991
   6.5865421295  55.8810882568
   6.5865421295  55.9010887146
   6.5865421295  55.9210891724
   6.5865421295  55.9410896301
   6.5865421295  55.9610900879
   6.5865421295  55.9810905457
   6.5865421295  56.0010910034
   6.5865421295  56.0210914612
   6.5865421295  56.0410919189
   6.5865421295  56.0610923767
   6.5865421295  56.0810928345
   6.5865421295  56.1010932922
   6.5865421295  56.1210937500
   6.5865421295  56.1410942078
   6.5865421295  56.1610946655
   6.5865421295  56.1810951233
   6.5865421295  56.2010955811
   6.5865421295  56.2210960388
   6.5865421295  56.2410964966
   6.5865421295  56.2610969543
   6.5865421295  56.2810974121
   6.5865421295  56.3010978699
   6.5865421295  56.3210983276
   6.5865421295  56.3410987854
   6.5865421295  56.3610992432
   6.5865421295  56.3810997009
   6.5865421295  56.4011001587
   6.5865421295  56.4211006165
   6.5865421295  56.4411010742
   6.5865421295  56.4611015320
   6.5865421295  56.4811019897
   6.5865421295  56.5011024475
   6.5865421295  56.5211029053
   6.5865421295  56.5411033630
   6.5865421295  56.5611038208
   6.5865421295  56.5811042786
   6.5865421295  56.6011047363
   6.5865421295  56.6211051941
   6.5865421295  56.6411056519
   6.5865421295  56.6611061096
   6.5865421295  56.6811065674
   6.5865421295  56.7011070251
   6.5865421295  56.7211074829
   6.5865421295  56.7411079407
   6.5865421295  56.7611083984
   6.5865421295  56.7811088562
   6.5865421295  56.8011093140
   6.5865421295  56.8211097717
   6.5865421295  56.8411102295
   6.5865421295  56.8611106873
   6.5865421295  56.8811111450
   6.5865421295  56.9011116028
   6.5865421295  56.9211120605
   6.5865421295  56.9411125183
   6.5865421295  56.9611129761
   6.5865421295  56.9811134338
   6.5865421295  57.0011138916
   6.5865421295  57.0211143494
   6.5865421295  57.0411148071
   6.5865421295  57.0611152649
   6.5865421295  57.0811157227
   6.5865421295  57.1011161804
   6.5865421295  57.1211166382
   6.5865421295  57.1411170959
   6.5865421295  57.1611175537
   6.5865421295  57.1811180115
   6.5865421295  57.2011184692
   6.5865421295  57.2211189270
   6.5865421295  57.2411193848
   6.5865421295  57.2611198425
   6.5865421295  57.2811203003
   6.5865421295  57.3011207581
   6.5865421295  57.3211212158
   6.5865421295  57.3411216736
   6.5865421295  57.3611221313
   6.5865421295  57.3811225891
   6.5865421295  57.4011230469
   6.5865421295  57.4211235046
   6.5865421295  57.4411239624
   6.5865421295  57.4611244202
   6.5865421295  57.4811248779
   6.5865421295  57.5011253357
   6.5865421295  57.5211257935
   6.5865421295  57.5411262512
   6.5865421295  57.5611267090
   6.5865421295  57.5811271667
   6.5865421295  57.6011276245
   6.5865421295  57.6211280823
   6.5865421295  57.6411285400
   6.5865421295  57.6611289978
   6.5865421295  57.6811294556
   6.5865421295  57.7011299133
   6.5865421295  57.7211303711
   6.5865421295  57.7411308289
   6.5865421295  57.7611312866
   6.5865421295  57.7811317444
   6.5865421295  57.8011322021
   6.5865421295  57.8211326599
   6.5865421295  57.8411331177
   6.5865421295  57.8611335754
   6.5865421295  57.8811340332
   6.5865421295  57.9011344910
   6.5865421295  57.9211349487
   6.5865421295  57.9411354065
   6.5865421295  57.9611358643
   6.5865421295  57.9811363220
   6.5865421295  58.0011367798
   6.5865421295  58.0211372375
   6.5865421295  58.0411376953
   6.5865421295  58.0611381531
   6.5865421295  58.0811386108
   6.5865421295  58.1011390686
   6.5865421295  58.1211395264
   6.5865421295  58.1411399841
   6.5865421295  58.1611404419
   6.5865421295  58.1811408997
   6.5865421295  58.2011413574
   6.5865421295  58.2211418152
   6.5865421295  58.2411422729
   6.5865421295  58.2611427307
   6.5865421295  58.2811431885
   6.5865421295  58.3011436462
   6.5865421295  58.3211441040
   6.5865421295  58.3411445618
   6.5865421295  58.3611450195
   6.5865421295  58.3811454773
   6.5865421295  58.4011459351
   6.5865421295  58.4211463928
   6.5865421295  58.4411468506
   6.5865421295  58.4611473083
   6.5865421295  58.4811477661
   6.5865421295  58.5011482239
   6.5865421295  58.5211486816
   6.5865421295  58.5411491394
   6.5865421295  58.5611495972
   6.5865421295  58.5811500549
   6.5865421295  58.6011505127
   6.5865421295  58.6211509705
   6.5865421295  58.6411514282
   6.5865421295  58.6611518860
   6.5865421295  58.6811523438
   6.5865421295  58.7011528015
   6.5865421295  58.7211532593
   6.5865421295  58.7411537170
   6.5865421295  58.7611541748
   6.5865421295  58.7811546326
   6.5865421295  58.8011550903
   6.5865421295  58.8211555481
   6.5865421295  58.8411560059
   6.5865421295  58.8611564636
   6.5865421295  58.8811569214
   6.5865421295  58.9011573792
   6.5865421295  58.9211578369
   6.5865421295  58.9411582947
   6.5865421295  58.9611587524
   6.5865421295  58.9811592102
   6.5865421295  59.0011596680
   6.5865421295  59.0211601257
   6.5865421295  59.0411605835
   6.5865421295  59.0611610413
   6.5865421295  59.0811614990
   6.5865421295  59.1011619568
   6.5865421295  59.1211624146
   6.5865421295  59.1411628723
   6.5865421295  59.1611633301
   6.5865421295  59.1811637878
   6.5865421295  59.2011642456
   6.5865421295  59.2211647034
   6.5865421295  59.2411651611
   6.5865421295  59.2611656189
   6.5865421295  59.2811660767
   6.5865421295  59.3011665344
   6.5865421295  59.3211669922
   6.5865421295  59.3411674500
   6.5865421295  59.3611679077
   6.5865421295  59.3811683655
   6.5865421295  59.4011688232
   6.5865421295  59.4211692810
   6.5865421295  59.4411697388
   6.5865421295  59.4611701965
   6.5865421295  59.4811706543
   6.5865421295  59.5011711121
   6.5865421295  59.5211715698
   6.5865421295  59.5411720276
   6.5865421295  59.5611724854
   6.5865421295  59.5811729431
   6.5865421295  59.6011734009
   6.5865421295  59.6211738586
   6.5865421295  59.6411743164
   6.5865421295  59.6611747742
   6.5865421295  59.6811752319
   6.5865421295  59.7011756897
   6.5865421295  59.7211761475
   6.5865421295  59.7411766052
   6.5865421295  59.7611770630
   6.5865421295  59.7811775208
   6.5865421295  59.8011779785
   6.5865421295  59.8211784363
   6.5865421295  59.8411788940
   6.5865421295  59.8611793518
   6.5865421295  59.8811798096
   6.5865421295  59.9011802673
   6.5865421295  59.9211807251
   6.5865421295  59.9411811829
   6.5865421295  59.9611816406
   6.5865421295  59.9811820984
   6.5865421295  60.0011825562
