   0.0000000000   0.0000000000
   0.0156960003   0.0199999996
   0.0313916579   0.0399999991
   0.0470865071   0.0599999987
   0.0627801493   0.0799999982
   0.0784722045   0.0999999940
   0.0941623226   0.1199999899
   0.1098501459   0.1399999857
   0.1255353242   0.1599999815
   0.1412175298   0.1799999774
   0.1568964273   0.1999999732
   0.1725716740   0.2199999690
   0.1882429570   0.2399999648
   0.2039099485   0.2599999607
   0.2195723206   0.2799999714
   0.2352297604   0.2999999821
   0.2508819401   0.3199999928
   0.2665285468   0.3400000036
   0.2821692824   0.3600000143
   0.2978038192   0.3800000250
   0.3134318590   0.4000000358
   0.3290530741   0.4200000465
   0.3446671665   0.4400000572
   0.3602738082   0.4600000679
   0.3758727312   0.4800000787
   0.3914636075   0.5000000596
   0.4070461392   0.5200000405
   0.4226199985   0.5400000215
   0.4381849170   0.5600000024
   0.4537405968   0.5799999833
   0.4692867100   0.5999999642
   0.4848229885   0.6199999452
   0.5003491044   0.6399999261
   0.5158647895   0.6599999070
   0.5313697457   0.6799998879
   0.5468636751   0.6999998689
   0.5623462796   0.7199998498
   0.5778172612   0.7399998307
   0.5932763815   0.7599998116
   0.6087232828   0.7799997926
   0.6241577268   0.7999997735
   0.6395793557   0.8199997544
   0.6549879909   0.8399997354
   0.6703832746   0.8599997163
   0.6857649088   0.8799996972
   0.7011326551   0.8999996781
   0.7164862156   0.9199996591
   0.7318253517   0.9399996400
   0.7471497059   0.9599996209
   0.7624590397   0.9799996018
   0.7777531147   0.9999995828
   0.7930316329   1.0199996233
   0.8082942963   1.0399996042
   0.8235408068   1.0599995852
   0.8387709856   1.0799995661
   0.8539844751   1.0999995470
   0.8691810369   1.1199995279
   0.8843604326   1.1399995089
   0.8995223641   1.1599994898
   0.9146665931   1.1799994707
   0.9297928214   1.1999994516
   0.9449008107   1.2199994326
   0.9599903226   1.2399994135
   0.9750610590   1.2599993944
   0.9901127815   1.2799993753
   1.0051451921   1.2999993563
   1.0201580524   1.3199993372
   1.0351511240   1.3399993181
   1.0501241684   1.3599992990
   1.0650769472   1.3799992800
   1.0800092220   1.3999992609
   1.0949207544   1.4199992418
   1.1098111868   1.4399992228
   1.1246803999   1.4599992037
   1.1395281553   1.4799991846
   1.1543540955   1.4999991655
   1.1691581011   1.5199991465
   1.1839398146   1.5399991274
   1.1986991167   1.5599991083
   1.2134357691   1.5799990892
   1.2281494141   1.5999990702
   1.2428399324   1.6199990511
   1.2575070858   1.6399990320
   1.2721506357   1.6599990129
   1.2867703438   1.6799989939
   1.3013659716   1.6999989748
   1.3159372807   1.7199989557
   1.3304840326   1.7399989367
   1.3450061083   1.7599989176
   1.3595032692   1.7799988985
   1.3739752769   1.7999988794
   1.3884218931   1.8199988604
   1.4028428793   1.8399988413
   1.4172381163   1.8599988222
   1.4316073656   1.8799988031
   1.4459503889   1.8999987841
   1.4602669477   1.9199987650
   1.4745569229   1.9399987459
   1.4888200760   1.9599987268
   1.5030561686   1.9799987078
   1.5172650814   1.9999986887
   1.5314465761   2.0199987888
   1.5456004143   2.0399987698
   1.5597264767   2.0599987507
   1.5738245249   2.0799987316
   1.5878944397   2.0999987125
   1.6019359827   2.1199986935
   1.6159489155   2.1399986744
   1.6299331188   2.1599986553
   1.6438884735   2.1799986362
   1.6578147411   2.1999986172
   1.6717116833   2.2199985981
   1.6855791807   2.2399985790
   1.6994171143   2.2599985600
   1.7132252455   2.2799985409
   1.7270033360   2.2999985218
   1.7407513857   2.3199985027
   1.7544690371   2.3399984837
   1.7681562901   2.3599984646
   1.7818129063   2.3799984455
   1.7954387665   2.3999984264
   1.8090336323   2.4199984074
   1.8225973845   2.4399983883
   1.8361299038   2.4599983692
   1.8496310711   2.4799983501
   1.8631006479   2.4999983311
   1.8765385151   2.5199983120
   1.8899445534   2.5399982929
   1.9033185244   2.5599982738
   1.9166603088   2.5799982548
   1.9299699068   2.5999982357
   1.9432470798   2.6199982166
   1.9564917088   2.6399981976
   1.9697035551   2.6599981785
   1.9828826189   2.6799981594
   1.9960286617   2.6999981403
   2.0091416836   2.7199981213
   2.0222215652   2.7399981022
   2.0352680683   2.7599980831
   2.0482809544   2.7799980640
   2.0612602234   2.7999980450
   2.0742058754   2.8199980259
   2.0871176720   2.8399980068
   2.0999956131   2.8599979877
   2.1128394604   2.8799979687
   2.1256492138   2.8999979496
   2.1384246349   2.9199979305
   2.1511657238   2.9399979115
   2.1638722420   2.9599978924
   2.1765441895   2.9799978733
   2.1891813278   2.9999978542
   2.2017836571   3.0199978352
   2.2143511772   3.0399978161
   2.2268836498   3.0599977970
   2.2393810749   3.0799977779
   2.2518432140   3.0999977589
   2.2642700672   3.1199977398
   2.2766616344   3.1399977207
   2.2890176773   3.1599977016
   2.3013381958   3.1799976826
   2.3136231899   3.1999976635
   2.3258724213   3.2199976444
   2.3380858898   3.2399976254
   2.3502635956   3.2599976063
   2.3624053001   3.2799975872
   2.3745110035   3.2999975681
   2.3865804672   3.3199975491
   2.3986139297   3.3399975300
   2.4106111526   3.3599975109
   2.4225721359   3.3799974918
   2.4344966412   3.3999974728
   2.4463846684   3.4199974537
   2.4582362175   3.4399974346
   2.4700512886   3.4599974155
   2.4818296432   3.4799973965
   2.4935715199   3.4999973774
   2.5052766800   3.5199973583
   2.5169448853   3.5399973392
   2.5285763741   3.5599973202
   2.5401709080   3.5799973011
   2.5517284870   3.5999972820
   2.5632491112   3.6199972630
   2.5747327805   3.6399972439
   2.5861794949   3.6599972248
   2.5975890160   3.6799972057
   2.6089613438   3.6999971867
   2.6202967167   3.7199971676
   2.6315948963   3.7399971485
   2.6428556442   3.7599971294
   2.6540791988   3.7799971104
   2.6652655602   3.7999970913
   2.6764144897   3.8199970722
   2.6875259876   3.8399970531
   2.6986000538   3.8599970341
   2.7096366882   3.8799970150
   2.7206358910   3.8999969959
   2.7315976620   3.9199969769
   2.7425220013   3.9399969578
   2.7534089088   3.9599969387
   2.7642583847   3.9799969196
   2.7750701904   3.9999969006
   2.7858445644   4.0199971199
   2.7965812683   4.0399971008
   2.8072805405   4.0599970818
   2.8179421425   4.0799970627
   2.8285663128   4.0999970436
   2.8391528130   4.1199970245
   2.8497016430   4.1399970055
   2.8602130413   4.1599969864
   2.8706867695   4.1799969673
   2.8811228275   4.1999969482
   2.8915214539   4.2199969292
   2.9018824100   4.2399969101
   2.9122056961   4.2599968910
   2.9224915504   4.2799968719
   2.9327397346   4.2999968529
   2.9429504871   4.3199968338
   2.9531235695   4.3399968147
   2.9632592201   4.3599967957
   2.9733572006   4.3799967766
   2.9834177494   4.3999967575
   2.9934408665   4.4199967384
   3.0034263134   4.4399967194
   3.0133743286   4.4599967003
   3.0232849121   4.4799966812
   3.0331580639   4.4999966621
   3.0429937840   4.5199966431
   3.0527923107   4.5399966240
   3.0625534058   4.5599966049
   3.0722770691   4.5799965858
   3.0819635391   4.5999965668
   3.0916128159   4.6199965477
   3.1012246609   4.6399965286
   3.1107993126   4.6599965096
   3.1203367710   4.6799964905
   3.1298372746   4.6999964714
   3.1393005848   4.7199964523
   3.1487267017   4.7399964333
   3.1581158638   4.7599964142
   3.1674680710   4.7799963951
   3.1767833233   4.7999963760
   3.1860616207   4.8199963570
   3.1953029633   4.8399963379
   3.2045075893   4.8599963188
   3.2136752605   4.8799962997
   3.2228062153   4.8999962807
   3.2319004536   4.9199962616
   3.2409579754   4.9399962425
   3.2499790192   4.9599962234
   3.2589633465   4.9799962044
   3.2679111958   4.9999961853
   3.2768225670   5.0199961662
   3.2856976986   5.0399961472
   3.2945363522   5.0599961281
   3.3033387661   5.0799961090
   3.3121049404   5.0999960899
   3.3208348751   5.1199960709
   3.3295285702   5.1399960518
   3.3381862640   5.1599960327
   3.3468079567   5.1799960136
   3.3553936481   5.1999959946
   3.3639433384   5.2199959755
   3.3724572659   5.2399959564
   3.3809354305   5.2599959373
   3.3893778324   5.2799959183
   3.3977844715   5.2999958992
   3.4061555862   5.3199958801
   3.4144911766   5.3399958611
   3.4227912426   5.3599958420
   3.4310560226   5.3799958229
   3.4392852783   5.3999958038
   3.4474794865   5.4199957848
   3.4556384087   5.4399957657
   3.4637622833   5.4599957466
   3.4718511105   5.4799957275
   3.4799048901   5.4999957085
   3.4879236221   5.5199956894
   3.4959075451   5.5399956703
   3.5038566589   5.5599956512
   3.5117712021   5.5799956322
   3.5196511745   5.5999956131
   3.5274965763   5.6199955940
   3.5353074074   5.6399955750
   3.5430839062   5.6599955559
   3.5508260727   5.6799955368
   3.5585339069   5.6999955177
   3.5662076473   5.7199954987
   3.5738472939   5.7399954796
   3.5814530849   5.7599954605
   3.5890247822   5.7799954414
   3.5965626240   5.7999954224
   3.6040668488   5.8199954033
   3.6115374565   5.8399953842
   3.6189744473   5.8599953651
   3.6263778210   5.8799953461
   3.6337478161   5.8999953270
   3.6410844326   5.9199953079
   3.6483879089   5.9399952888
   3.6556582451   5.9599952698
   3.6628954411   5.9799952507
   3.6700994968   5.9999952316
   3.6772706509   6.0199952126
   3.6844091415   6.0399951935
   3.6915147305   6.0599951744
   3.6985876560   6.0799951553
   3.7056281567   6.0999951363
   3.7126362324   6.1199951172
   3.7196118832   6.1399950981
   3.7265551090   6.1599950790
   3.7334661484   6.1799950600
   3.7403452396   6.1999950409
   3.7471921444   6.2199950218
   3.7540073395   6.2399950027
   3.7607905865   6.2599949837
   3.7675421238   6.2799949646
   3.7742619514   6.2999949455
   3.7809503078   6.3199949265
   3.7876071930   6.3399949074
   3.7942326069   6.3599948883
   3.8008267879   6.3799948692
   3.8073897362   6.3999948502
   3.8139216900   6.4199948311
   3.8204226494   6.4399948120
   3.8268926144   6.4599947929
   3.8333318233   6.4799947739
   3.8397402763   6.4999947548
   3.8461182117   6.5199947357
   3.8524656296   6.5399947166
   3.8587827682   6.5599946976
   3.8650693893   6.5799946785
   3.8713259697   6.5999946594
   3.8775522709   6.6199946404
   3.8837485313   6.6399946213
   3.8899149895   6.6599946022
   3.8960516453   6.6799945831
   3.9021584988   6.6999945641
   3.9082357883   6.7199945450
   3.9142835140   6.7399945259
   3.9203016758   6.7599945068
   3.9262905121   6.7799944878
   3.9322502613   6.7999944687
   3.9381809235   6.8199944496
   3.9440824986   6.8399944305
   3.9499549866   6.8599944115
   3.9557986259   6.8799943924
   3.9616136551   6.8999943733
   3.9674000740   6.9199943542
   3.9731578827   6.9399943352
   3.9788873196   6.9599943161
   3.9845883846   6.9799942970
   3.9902610779   6.9999942780
   3.9959056377   7.0199942589
   4.0015220642   7.0399942398
   4.0071105957   7.0599942207
   4.0126714706   7.0799942017
   4.0182046890   7.0999941826
   4.0237102509   7.1199941635
   4.0291881561   7.1399941444
   4.0346388817   7.1599941254
   4.0400619507   7.1799941063
   4.0454578400   7.1999940872
   4.0508265495   7.2199940681
   4.0561685562   7.2399940491
   4.0614833832   7.2599940300
   4.0667715073   7.2799940109
   4.0720329285   7.2999939919
   4.0772676468   7.3199939728
   4.0824756622   7.3399939537
   4.0876574516   7.3599939346
   4.0928130150   7.3799939156
   4.0979423523   7.3999938965
   4.1030454636   7.4199938774
   4.1081223488   7.4399938583
   4.1131734848   7.4599938393
   4.1181988716   7.4799938202
   4.1231985092   7.4999938011
   4.1281723976   7.5199937820
   4.1331210136   7.5399937630
   4.1380438805   7.5599937439
   4.1429414749   7.5799937248
   4.1478142738   7.5999937057
   4.1526618004   7.6199936867
   4.1574840546   7.6399936676
   4.1622815132   7.6599936485
   4.1670541763   7.6799936295
   4.1718020439   7.6999936104
   4.1765255928   7.7199935913
   4.1812243462   7.7399935722
   4.1858987808   7.7599935532
   4.1905488968   7.7799935341
   4.1951746941   7.7999935150
   4.1997766495   7.8199934959
   4.2043547630   7.8399934769
   4.2089085579   7.8599934578
   4.2134385109   7.8799934387
   4.2179450989   7.8999934196
   4.2224278450   7.9199934006
   4.2268872261   7.9399933815
   4.2313232422   7.9599933624
   4.2357358932   7.9799933434
   4.2401251793   7.9999933243
   4.2444915771   8.0199937820
   4.2488350868   8.0399942398
   4.2531552315   8.0599946976
   4.2574529648   8.0799951553
   4.2617278099   8.0999956131
   4.2659797668   8.1199960709
   4.2702093124   8.1399965286
   4.2744164467   8.1599969864
   4.2786011696   8.1799974442
   4.2827639580   8.1999979019
   4.2869043350   8.2199983597
   4.2910227776   8.2399988174
   4.2951192856   8.2599992752
   4.2991938591   8.2799997330
   4.3032469749   8.3000001907
   4.3072781563   8.3200006485
   4.3112878799   8.3400011063
   4.3152761459   8.3600015640
   4.3192429543   8.3800020218
   4.3231887817   8.4000024796
   4.3271131516   8.4200029373
   4.3310165405   8.4400033951
   4.3348989487   8.4600038528
   4.3387603760   8.4800043106
   4.3426008224   8.5000047684
   4.3464207649   8.5200052261
   4.3502202034   8.5400056839
   4.3539991379   8.5600061417
   4.3577575684   8.5800065994
   4.3614954948   8.6000070572
   4.3652133942   8.6200075150
   4.3689112663   8.6400079727
   4.3725891113   8.6600084305
   4.3762469292   8.6800088882
   4.3798847198   8.7000093460
   4.3835024834   8.7200098038
   4.3871006966   8.7400102615
   4.3906793594   8.7600107193
   4.3942384720   8.7800111771
   4.3977780342   8.8000116348
   4.4012985229   8.8200120926
   4.4047999382   8.8400125504
   4.4082818031   8.8600130081
   4.4117450714   8.8800134659
   4.4151892662   8.9000139236
   4.4186143875   8.9200143814
   4.4220209122   8.9400148392
   4.4254088402   8.9600152969
   4.4287781715   8.9800157547
   4.4321289062   9.0000162125
   4.4354610443   9.0200166702
   4.4387750626   9.0400171280
   4.4420704842   9.0600175858
   4.4453477859   9.0800180435
   4.4486069679   9.1000185013
   4.4518480301   9.1200189590
   4.4550714493   9.1400194168
   4.4582772255   9.1600198746
   4.4614648819   9.1800203323
   4.4646348953   9.2000207901
   4.4677872658   9.2200212479
   4.4709224701   9.2400217056
   4.4740400314   9.2600221634
   4.4771404266   9.2800226212
   4.4802236557   9.3000230789
   4.4832897186   9.3200235367
   4.4863386154   9.3400239944
   4.4893708229   9.3600244522
   4.4923858643   9.3800249100
   4.4953842163   9.4000253677
   4.4983658791   9.4200258255
   4.5013308525   9.4400262833
   4.5042791367   9.4600267410
   4.5072112083   9.4800271988
   4.5101265907   9.5000276566
   4.5130257607   9.5200281143
   4.5159087181   9.5400285721
   4.5187754631   9.5600290298
   4.5216259956   9.5800294876
   4.5244607925   9.6000299454
   4.5272793770   9.6200304031
   4.5300822258   9.6400308609
   4.5328693390   9.6600313187
   4.5356407166   9.6800317764
   4.5383968353   9.7000322342
   4.5411372185   9.7200326920
   4.5438623428   9.7400331497
   4.5465717316   9.7600336075
   4.5492658615   9.7800340652
   4.5519452095   9.8000345230
   4.5546092987   9.8200349808
   4.5572581291   9.8400354385
   4.5598921776   9.8600358963
   4.5625114441   9.8800363541
   4.5651154518   9.9000368118
   4.5677051544   9.9200372696
   4.5702800751   9.9400377274
   4.5728402138   9.9600381851
   4.5753860474   9.9800386429
   4.5779170990  10.0000391006
   4.5804338455  10.0200395584
   4.5829362869  10.0400400162
   4.5854244232  10.0600404739
   4.5878987312  10.0800409317
   4.5903587341  10.1000413895
   4.5928049088  10.1200418472
   4.5952372551  10.1400423050
   4.5976552963  10.1600427628
   4.6000599861  10.1800432205
   4.6024508476  10.2000436783
   4.6048278809  10.2200441360
   4.6071915627  10.2400445938
   4.6095414162  10.2600450516
   4.6118779182  10.2800455093
   4.6142010689  10.3000459671
   4.6165108681  10.3200464249
   4.6188073158  10.3400468826
   4.6210908890  10.3600473404
   4.6233611107  10.3800477982
   4.6256184578  10.4000482559
   4.6278629303  10.4200487137
   4.6300945282  10.4400491714
   4.6323132515  10.4600496292
   4.6345191002  10.4800500870
   4.6367125511  10.5000505447
   4.6388931274  10.5200510025
   4.6410613060  10.5400514603
   4.6432170868  10.5600519180
   4.6453604698  10.5800523758
   4.6474914551  10.6000528336
   4.6496100426  10.6200532913
   4.6517162323  10.6400537491
   4.6538105011  10.6600542068
   4.6558928490  10.6800546646
   4.6579627991  10.7000551224
   4.6600208282  10.7200555801
   4.6620669365  10.7400560379
   4.6641016006  10.7600564957
   4.6661243439  10.7800569534
   4.6681351662  10.8000574112
   4.6701345444  10.8200578690
   4.6721224785  10.8400583267
   4.6740984917  10.8600587845
   4.6760630608  10.8800592422
   4.6780161858  10.9000597000
   4.6799583435  10.9200601578
   4.6818890572  10.9400606155
   4.6838088036  10.9600610733
   4.6857171059  10.9800615311
   4.6876144409  11.0000619888
   4.6895008087  11.0200624466
   4.6913762093  11.0400629044
   4.6932406425  11.0600633621
   4.6950941086  11.0800638199
   4.6969366074  11.1000642776
   4.6987686157  11.1200647354
   4.7005901337  11.1400651932
   4.7024006844  11.1600656509
   4.7042007446  11.1800661087
   4.7059903145  11.2000665665
   4.7077693939  11.2200670242
   4.7095379829  11.2400674820
   4.7112965584  11.2600679398
   4.7130446434  11.2800683975
   4.7147827148  11.3000688553
   4.7165107727  11.3200693130
   4.7182283401  11.3400697708
   4.7199358940  11.3600702286
   4.7216334343  11.3800706863
   4.7233209610  11.4000711441
   4.7249989510  11.4200716019
   4.7266669273  11.4400720596
   4.7283253670  11.4600725174
   4.7299737930  11.4800729752
   4.7316126823  11.5000734329
   4.7332420349  11.5200738907
   4.7348618507  11.5400743484
   4.7364721298  11.5600748062
   4.7380728722  11.5800752640
   4.7396640778  11.6000757217
   4.7412462234  11.6200761795
   4.7428188324  11.6400766373
   4.7443823814  11.6600770950
   4.7459363937  11.6800775528
   4.7474813461  11.7000780106
   4.7490172386  11.7200784683
   4.7505440712  11.7400789261
   4.7520618439  11.7600793839
   4.7535705566  11.7800798416
   4.7550706863  11.8000802994
   4.7565617561  11.8200807571
   4.7580442429  11.8400812149
   4.7595176697  11.8600816727
   4.7609825134  11.8800821304
   4.7624387741  11.9000825882
   4.7638864517  11.9200830460
   4.7653255463  11.9400835037
   4.7667560577  11.9600839615
   4.7681784630  11.9800844193
   4.7695922852  12.0000848770
   4.7709975243  12.0200853348
   4.7723946571  12.0400857925
   4.7737836838  12.0600862503
   4.7751641273  12.0800867081
   4.7765364647  12.1000871658
   4.7779006958  12.1200876236
   4.7792568207  12.1400880814
   4.7806048393  12.1600885391
   4.7819452286  12.1800889969
   4.7832775116  12.2000894547
   4.7846016884  12.2200899124
   4.7859182358  12.2400903702
   4.7872271538  12.2600908279
   4.7885279655  12.2800912857
   4.7898211479  12.3000917435
   4.7911067009  12.3200922012
   4.7923846245  12.3400926590
   4.7936549187  12.3600931168
   4.7949175835  12.3800935745
   4.7961726189  12.4000940323
   4.7974205017  12.4200944901
   4.7986607552  12.4400949478
   4.7998938560  12.4600954056
   4.8011193275  12.4800958633
   4.8023376465  12.5000963211
   4.8035488129  12.5200967789
   4.8047528267  12.5400972366
   4.8059496880  12.5600976944
   4.8071393967  12.5800981522
   4.8083219528  12.6000986099
   4.8094973564  12.6200990677
   4.8106656075  12.6400995255
   4.8118271828  12.6600999832
   4.8129816055  12.6801004410
   4.8141293526  12.7001008987
   4.8152699471  12.7201013565
   4.8164038658  12.7401018143
   4.8175311089  12.7601022720
   4.8186516762  12.7801027298
   4.8197655678  12.8001031876
   4.8208727837  12.8201036453
   4.8219733238  12.8401041031
   4.8230671883  12.8601045609
   4.8241543770  12.8801050186
   4.8252353668  12.9001054764
   4.8263096809  12.9201059341
   4.8273777962  12.9401063919
   4.8284392357  12.9601068497
   4.8294944763  12.9801073074
   4.8305435181  13.0001077652
   4.8315863609  13.0201082230
   4.8326225281  13.0401086807
   4.8336524963  13.0601091385
   4.8346762657  13.0801095963
   4.8356943130  13.1001100540
   4.8367061615  13.1201105118
   4.8377118111  13.1401109695
   4.8387112617  13.1601114273
   4.8397049904  13.1801118851
   4.8406925201  13.2001123428
   4.8416743279  13.2201128006
   4.8426504135  13.2401132584
   4.8436203003  13.2601137161
   4.8445844650  13.2801141739
   4.8455429077  13.3001146317
   4.8464956284  13.3201150894
   4.8474426270  13.3401155472
   4.8483839035  13.3601160049
   4.8493194580  13.3801164627
   4.8502492905  13.4001169205
   4.8511734009  13.4201173782
   4.8520922661  13.4401178360
   4.8530054092  13.4601182938
   4.8539133072  13.4801187515
   4.8548154831  13.5001192093
   4.8557124138  13.5201196671
   4.8566040993  13.5401201248
   4.8574900627  13.5601205826
   4.8583707809  13.5801210403
   4.8592462540  13.6001214981
   4.8601164818  13.6201219559
   4.8609814644  13.6401224136
   4.8618412018  13.6601228714
   4.8626956940  13.6801233292
   4.8635449409  13.7001237869
   4.8643894196  13.7201242447
   4.8652286530  13.7401247025
   4.8660626411  13.7601251602
   4.8668918610  13.7801256180
   4.8677158356  13.8001260757
   4.8685350418  13.8201265335
   4.8693490028  13.8401269913
   4.8701581955  13.8601274490
   4.8709626198  13.8801279068
   4.8717622757  13.9001283646
   4.8725571632  13.9201288223
   4.8733472824  13.9401292801
   4.8741321564  13.9601297379
   4.8749127388  13.9801301956
   4.8756885529  14.0001306534
   4.8764595985  14.0201311111
   4.8772258759  14.0401315689
   4.8779873848  14.0601320267
   4.8787446022  14.0801324844
   4.8794970512  14.1001329422
   4.8802452087  14.1201334000
   4.8809885979  14.1401338577
   4.8817276955  14.1601343155
   4.8824620247  14.1801347733
   4.8831920624  14.2001352310
   4.8839178085  14.2201356888
   4.8846387863  14.2401361465
   4.8853554726  14.2601366043
   4.8860678673  14.2801370621
   4.8867759705  14.3001375198
   4.8874797821  14.3201379776
   4.8881793022  14.3401384354
   4.8888745308  14.3601388931
   4.8895654678  14.3801393509
   4.8902525902  14.4001398087
   4.8909354210  14.4201402664
   4.8916139603  14.4401407242
   4.8922886848  14.4601411819
   4.8929591179  14.4801416397
   4.8936252594  14.5001420975
   4.8942875862  14.5201425552
   4.8949460983  14.5401430130
   4.8956003189  14.5601434708
   4.8962507248  14.5801439285
   4.8968973160  14.6001443863
   4.8975396156  14.6201448441
   4.8981781006  14.6401453018
   4.8988127708  14.6601457596
   4.8994436264  14.6801462173
   4.9000706673  14.7001466751
   4.9006938934  14.7201471329
   4.9013133049  14.7401475906
   4.9019289017  14.7601480484
   4.9025406837  14.7801485062
   4.9031486511  14.8001489639
   4.9037532806  14.8201494217
   4.9043540955  14.8401498795
   4.9049510956  14.8601503372
   4.9055447578  14.8801507950
   4.9061346054  14.9001512527
   4.9067211151  14.9201517105
   4.9073038101  14.9401521683
   4.9078831673  14.9601526260
   4.9084587097  14.9801530838
   4.9090309143  15.0001535416
   4.9095997810  15.0201539993
   4.9101648331  15.0401544571
   4.9107265472  15.0601549149
   4.9112849236  15.0801553726
   4.9118399620  15.1001558304
   4.9123916626  15.1201562881
   4.9129400253  15.1401567459
   4.9134850502  15.1601572037
   4.9140267372  15.1801576614
   4.9145650864  15.2001581192
   4.9151000977  15.2201585770
   4.9156317711  15.2401590347
   4.9161601067  15.2601594925
   4.9166855812  15.2801599503
   4.9172077179  15.3001604080
   4.9177265167  15.3201608658
   4.9182424545  15.3401613235
   4.9187550545  15.3601617813
   4.9192643166  15.3801622391
   4.9197707176  15.4001626968
   4.9202737808  15.4201631546
   4.9207739830  15.4401636124
   4.9212713242  15.4601640701
   4.9217653275  15.4801645279
   4.9222564697  15.5001649857
   4.9227447510  15.5201654434
   4.9232296944  15.5401659012
   4.9237117767  15.5601663589
   4.9241909981  15.5801668167
   4.9246673584  15.6001672745
   4.9251408577  15.6201677322
   4.9256114960  15.6401681900
   4.9260792732  15.6601686478
   4.9265441895  15.6801691055
   4.9270062447  15.7001695633
   4.9274654388  15.7201700211
   4.9279217720  15.7401704788
   4.9283752441  15.7601709366
   4.9288258553  15.7801713943
   4.9292740822  15.8001718521
   4.9297194481  15.8201723099
   4.9301619530  15.8401727676
   4.9306015968  15.8601732254
   4.9310388565  15.8801736832
   4.9314732552  15.9001741409
   4.9319052696  15.9201745987
   4.9323344231  15.9401750565
   4.9327611923  15.9601755142
   4.9331851006  15.9801759720
   4.9336066246  16.0001754761
   4.9340252876  16.0201759338
   4.9344415665  16.0401763916
   4.9348554611  16.0601768494
   4.9352664948  16.0801773071
   4.9356751442  16.1001777649
   4.9360814095  16.1201782227
   4.9364852905  16.1401786804
   4.9368863106  16.1601791382
   4.9372849464  16.1801795959
   4.9376811981  16.2001800537
   4.9380750656  16.2201805115
   4.9384665489  16.2401809692
   4.9388556480  16.2601814270
   4.9392423630  16.2801818848
   4.9396266937  16.3001823425
   4.9400086403  16.3201828003
   4.9403882027  16.3401832581
   4.9407653809  16.3601837158
   4.9411401749  16.3801841736
   4.9415130615  16.4001846313
   4.9418835640  16.4201850891
   4.9422516823  16.4401855469
   4.9426174164  16.4601860046
   4.9429812431  16.4801864624
   4.9433426857  16.5001869202
   4.9437017441  16.5201873779
   4.9440588951  16.5401878357
   4.9444136620  16.5601882935
   4.9447665215  16.5801887512
   4.9451169968  16.6001892090
   4.9454650879  16.6201896667
   4.9458112717  16.6401901245
   4.9461555481  16.6601905823
   4.9464974403  16.6801910400
   4.9468374252  16.7001914978
   4.9471750259  16.7201919556
   4.9475107193  16.7401924133
   4.9478445053  16.7601928711
   4.9481759071  16.7801933289
   4.9485054016  16.8001937866
   4.9488329887  16.8201942444
   4.9491586685  16.8401947021
   4.9494824409  16.8601951599
   4.9498038292  16.8801956177
   4.9501233101  16.9001960754
   4.9504408836  16.9201965332
   4.9507565498  16.9401969910
   4.9510703087  16.9601974487
   4.9513821602  16.9801979065
   4.9516921043  17.0001983643
   4.9520001411  17.0201988220
   4.9523062706  17.0401992798
   4.9526104927  17.0601997375
   4.9529128075  17.0802001953
   4.9532132149  17.1002006531
   4.9535117149  17.1202011108
   4.9538083076  17.1402015686
   4.9541034698  17.1602020264
   4.9543967247  17.1802024841
   4.9546880722  17.2002029419
   4.9549775124  17.2202033997
   4.9552655220  17.2402038574
   4.9555516243  17.2602043152
   4.9558358192  17.2802047729
   4.9561185837  17.3002052307
   4.9563994408  17.3202056885
   4.9566783905  17.3402061462
   4.9569559097  17.3602066040
   4.9572315216  17.3802070618
   4.9575057030  17.4002075195
   4.9577779770  17.4202079773
   4.9580488205  17.4402084351
   4.9583177567  17.4602088928
   4.9585852623  17.4802093506
   4.9588508606  17.5002098083
   4.9591150284  17.5202102661
   4.9593772888  17.5402107239
   4.9596381187  17.5602111816
   4.9598975182  17.5802116394
   4.9601550102  17.6002120972
   4.9604110718  17.6202125549
   4.9606657028  17.6402130127
   4.9609184265  17.6602134705
   4.9611697197  17.6802139282
   4.9614195824  17.7002143860
   4.9616680145  17.7202148438
   4.9619145393  17.7402153015
   4.9621596336  17.7602157593
   4.9624032974  17.7802162170
   4.9626455307  17.8002166748
   4.9628863335  17.8202171326
   4.9631257057  17.8402175903
   4.9633636475  17.8602180481
   4.9636001587  17.8802185059
   4.9638347626  17.9002189636
   4.9640679359  17.9202194214
   4.9642996788  17.9402198792
   4.9645299911  17.9602203369
   4.9647588730  17.9802207947
   4.9649868011  18.0002212524
   4.9652132988  18.0202217102
   4.9654383659  18.0402221680
   4.9656620026  18.0602226257
   4.9658842087  18.0802230835
   4.9661049843  18.1002235413
   4.9663243294  18.1202239990
   4.9665422440  18.1402244568
   4.9667587280  18.1602249146
   4.9669742584  18.1802253723
   4.9671883583  18.2002258301
   4.9674010277  18.2202262878
   4.9676122665  18.2402267456
   4.9678225517  18.2602272034
   4.9680314064  18.2802276611
   4.9682388306  18.3002281189
   4.9684453011  18.3202285767
   4.9686503410  18.3402290344
   4.9688539505  18.3602294922
   4.9690566063  18.3802299500
   4.9692578316  18.4002304077
   4.9694576263  18.4202308655
   4.9696564674  18.4402313232
   4.9698538780  18.4602317810
   4.9700503349  18.4802322388
   4.9702453613  18.5002326965
   4.9704394341  18.5202331543
   4.9706320763  18.5402336121
   4.9708237648  18.5602340698
   4.9710140228  18.5802345276
   4.9712033272  18.6002349854
   4.9713912010  18.6202354431
   4.9715781212  18.6402359009
   4.9717636108  18.6602363586
   4.9719481468  18.6802368164
   4.9721317291  18.7002372742
   4.9723138809  18.7202377319
   4.9724950790  18.7402381897
   4.9726753235  18.7602386475
   4.9728541374  18.7802391052
   4.9730319977  18.8002395630
   4.9732089043  18.8202400208
   4.9733843803  18.8402404785
   4.9735589027  18.8602409363
   4.9737324715  18.8802413940
   4.9739050865  18.9002418518
   4.9740762711  18.9202423096
   4.9742465019  18.9402427673
   4.9744157791  18.9602432251
   4.9745841026  18.9802436829
   4.9747514725  19.0002441406
   4.9749174118  19.0202445984
   4.9750823975  19.0402450562
   4.9752464294  19.0602455139
   4.9754095078  19.0802459717
   4.9755716324  19.1002464294
   4.9757328033  19.1202468872
   4.9758930206  19.1402473450
   4.9760522842  19.1602478027
   4.9762105942  19.1802482605
   4.9763679504  19.2002487183
   4.9765243530  19.2202491760
   4.9766793251  19.2402496338
   4.9768333435  19.2602500916
   4.9769864082  19.2802505493
   4.9771389961  19.3002510071
   4.9772906303  19.3202514648
   4.9774413109  19.3402519226
   4.9775910378  19.3602523804
   4.9777398109  19.3802528381
   4.9778876305  19.4002532959
   4.9780344963  19.4202537537
   4.9781804085  19.4402542114
   4.9783253670  19.4602546692
   4.9784693718  19.4802551270
   4.9786124229  19.5002555847
   4.9787545204  19.5202560425
   4.9788961411  19.5402565002
   4.9790368080  19.5602569580
   4.9791765213  19.5802574158
   4.9793152809  19.6002578735
   4.9794530869  19.6202583313
   4.9795904160  19.6402587891
   4.9797267914  19.6602592468
   4.9798622131  19.6802597046
   4.9799966812  19.7002601624
   4.9801306725  19.7202606201
   4.9802637100  19.7402610779
   4.9803957939  19.7602615356
   4.9805269241  19.7802619934
   4.9806575775  19.8002624512
   4.9807872772  19.8202629089
   4.9809160233  19.8402633667
   4.9810442924  19.8602638245
   4.9811716080  19.8802642822
   4.9812979698  19.9002647400
   4.9814238548  19.9202651978
   4.9815487862  19.9402656555
   4.9816727638  19.9602661133
   4.9817962646  19.9802665710
   4.9819188118  20.0002670288
   4.9820408821  20.0202674866
   4.9821619987  20.0402679443
   4.9822826385  20.0602684021
   4.9824023247  20.0802688599
   4.9825210571  20.1002693176
   4.9826393127  20.1202697754
   4.9827566147  20.1402702332
   4.9828734398  20.1602706909
   4.9829893112  20.1802711487
   4.9831047058  20.2002716064
   4.9832191467  20.2202720642
   4.9833331108  20.2402725220
   4.9834461212  20.2602729797
   4.9835586548  20.2802734375
   4.9836702347  20.3002738953
   4.9837813377  20.3202743530
   4.9838919640  20.3402748108
   4.9840016365  20.3602752686
   4.9841108322  20.3802757263
   4.9842190742  20.4002761841
   4.9843268394  20.4202766418
   4.9844336510  20.4402770996
   4.9845399857  20.4602775574
   4.9846458435  20.4802780151
   4.9847507477  20.5002784729
   4.9848551750  20.5202789307
   4.9849591255  20.5402793884
   4.9850621223  20.5602798462
   4.9851646423  20.5802803040
   4.9852666855  20.6002807617
   4.9853677750  20.6202812195
   4.9854683876  20.6402816772
   4.9855685234  20.6602821350
   4.9856677055  20.6802825928
   4.9857664108  20.7002830505
   4.9858646393  20.7202835083
   4.9859623909  20.7402839661
   4.9860591888  20.7602844238
   4.9861555099  20.7802848816
   4.9862513542  20.8002853394
   4.9863467216  20.8202857971
   4.9864411354  20.8402862549
   4.9865350723  20.8602867126
   4.9866285324  20.8802871704
   4.9867215157  20.9002876282
   4.9868135452  20.9202880859
   4.9869050980  20.9402885437
   4.9869961739  20.9602890015
   4.9870867729  20.9802894592
   4.9871768951  21.0002899170
   4.9872665405  21.0202903748
   4.9873552322  21.0402908325
   4.9874434471  21.0602912903
   4.9875311852  21.0802917480
   4.9876184464  21.1002922058
   4.9877052307  21.1202926636
   4.9877915382  21.1402931213
   4.9878773689  21.1602935791
   4.9879622459  21.1802940369
   4.9880466461  21.2002944946
   4.9881305695  21.2202949524
   4.9882140160  21.2402954102
   4.9882969856  21.2602958679
   4.9883794785  21.2802963257
   4.9884614944  21.3002967834
   4.9885430336  21.3202972412
   4.9886240959  21.3402976990
   4.9887046814  21.3602981567
   4.9887847900  21.3802986145
   4.9888644218  21.4002990723
   4.9889435768  21.4202995300
   4.9890222549  21.4402999878
   4.9891004562  21.4603004456
   4.9891781807  21.4803009033
   4.9892554283  21.5003013611
   4.9893321991  21.5203018188
   4.9894084930  21.5403022766
   4.9894843102  21.5603027344
   4.9895596504  21.5803031921
   4.9896345139  21.6003036499
   4.9897089005  21.6203041077
   4.9897828102  21.6403045654
   4.9898562431  21.6603050232
   4.9899291992  21.6803054810
   4.9900016785  21.7003059387
   4.9900736809  21.7203063965
   4.9901452065  21.7403068542
   4.9902162552  21.7603073120
   4.9902868271  21.7803077698
   4.9903569221  21.8003082275
   4.9904265404  21.8203086853
   4.9904956818  21.8403091431
   4.9905648232  21.8603096008
   4.9906334877  21.8803100586
   4.9907016754  21.9003105164
   4.9907693863  21.9203109741
   4.9908366203  21.9403114319
   4.9909033775  21.9603118896
   4.9909696579  21.9803123474
   4.9910354614  22.0003128052
   4.9911012650  22.0203132629
   4.9911665916  22.0403137207
   4.9912314415  22.0603141785
   4.9912958145  22.0803146362
   4.9913597107  22.1003150940
   4.9914231300  22.1203155518
   4.9914860725  22.1403160095
   4.9915490150  22.1603164673
   4.9916114807  22.1803169250
   4.9916734695  22.2003173828
   4.9917349815  22.2203178406
   4.9917960167  22.2403182983
   4.9918570518  22.2603187561
   4.9919176102  22.2803192139
   4.9919776917  22.3003196716
   4.9920372963  22.3203201294
   4.9920969009  22.3403205872
   4.9921560287  22.3603210449
   4.9922146797  22.3803215027
   4.9922728539  22.4003219604
   4.9923305511  22.4203224182
   4.9923882484  22.4403228760
   4.9924454689  22.4603233337
   4.9925022125  22.4803237915
   4.9925584793  22.5003242493
   4.9926147461  22.5203247070
   4.9926705360  22.5403251648
   4.9927258492  22.5603256226
   4.9927811623  22.5803260803
   4.9928359985  22.6003265381
   4.9928903580  22.6203269958
   4.9929442406  22.6403274536
   4.9929981232  22.6603279114
   4.9930515289  22.6803283691
   4.9931044579  22.7003288269
   4.9931573868  22.7203292847
   4.9932098389  22.7403297424
   4.9932618141  22.7603302002
   4.9933137894  22.7803306580
   4.9933652878  22.8003311157
   4.9934163094  22.8203315735
   4.9934673309  22.8403320312
   4.9935178757  22.8603324890
   4.9935679436  22.8803329468
   4.9936180115  22.9003334045
   4.9936676025  22.9203338623
   4.9937167168  22.9403343201
   4.9937658310  22.9603347778
   4.9938144684  22.9803352356
   4.9938626289  23.0003356934
   4.9939107895  23.0203361511
   4.9939584732  23.0403366089
   4.9940061569  23.0603370667
   4.9940533638  23.0803375244
   4.9941000938  23.1003379822
   4.9941468239  23.1203384399
   4.9941930771  23.1403388977
   4.9942393303  23.1603393555
   4.9942851067  23.1803398132
   4.9943304062  23.2003402710
   4.9943757057  23.2203407288
   4.9944205284  23.2403411865
   4.9944653511  23.2603416443
   4.9945096970  23.2803421021
   4.9945535660  23.3003425598
   4.9945974350  23.3203430176
   4.9946408272  23.3403434753
   4.9946842194  23.3603439331
   4.9947271347  23.3803443909
   4.9947700500  23.4003448486
   4.9948124886  23.4203453064
   4.9948544502  23.4403457642
   4.9948964119  23.4603462219
   4.9949378967  23.4803466797
   4.9949793816  23.5003471375
   4.9950203896  23.5203475952
   4.9950613976  23.5403480530
   4.9951019287  23.5603485107
   4.9951424599  23.5803489685
   4.9951825142  23.6003494263
   4.9952225685  23.6203498840
   4.9952621460  23.6403503418
   4.9953017235  23.6603507996
   4.9953408241  23.6803512573
   4.9953799248  23.7003517151
   4.9954185486  23.7203521729
   4.9954571724  23.7403526306
   4.9954953194  23.7603530884
   4.9955334663  23.7803535461
   4.9955711365  23.8003540039
   4.9956088066  23.8203544617
   4.9956459999  23.8403549194
   4.9956831932  23.8603553772
   4.9957199097  23.8803558350
   4.9957566261  23.9003562927
   4.9957928658  23.9203567505
   4.9958291054  23.9403572083
   4.9958648682  23.9603576660
   4.9959006310  23.9803581238
   4.9959359169  24.0003585815
   4.9959712029  24.0203590393
   4.9960060120  24.0403594971
   4.9960408211  24.0603599548
   4.9960756302  24.0803604126
   4.9961099625  24.1003608704
   4.9961442947  24.1203613281
   4.9961781502  24.1403617859
   4.9962120056  24.1603622437
   4.9962453842  24.1803627014
   4.9962787628  24.2003631592
   4.9963116646  24.2203636169
   4.9963445663  24.2403640747
   4.9963774681  24.2603645325
   4.9964098930  24.2803649902
   4.9964423180  24.3003654480
   4.9964742661  24.3203659058
   4.9965062141  24.3403663635
   4.9965381622  24.3603668213
   4.9965696335  24.3803672791
   4.9966011047  24.4003677368
   4.9966320992  24.4203681946
   4.9966630936  24.4403686523
   4.9966936111  24.4603691101
   4.9967241287  24.4803695679
   4.9967546463  24.5003700256
   4.9967846870  24.5203704834
   4.9968147278  24.5403709412
   4.9968442917  24.5603713989
   4.9968738556  24.5803718567
   4.9969034195  24.6003723145
   4.9969325066  24.6203727722
   4.9969615936  24.6403732300
   4.9969906807  24.6603736877
   4.9970192909  24.6803741455
   4.9970479012  24.7003746033
   4.9970760345  24.7203750610
   4.9971041679  24.7403755188
   4.9971323013  24.7603759766
   4.9971599579  24.7803764343
   4.9971876144  24.8003768921
   4.9972152710  24.8203773499
   4.9972424507  24.8403778076
   4.9972696304  24.8603782654
   4.9972968102  24.8803787231
   4.9973235130  24.9003791809
   4.9973502159  24.9203796387
   4.9973769188  24.9403800964
   4.9974031448  24.9603805542
   4.9974293709  24.9803810120
   4.9974555969  25.0003814697
   4.9974813461  25.0203819275
   4.9975070953  25.0403823853
   4.9975328445  25.0603828430
   4.9975581169  25.0803833008
   4.9975833893  25.1003837585
   4.9976086617  25.1203842163
   4.9976334572  25.1403846741
   4.9976582527  25.1603851318
   4.9976830482  25.1803855896
   4.9977073669  25.2003860474
   4.9977316856  25.2203865051
   4.9977560043  25.2403869629
   4.9977798462  25.2603874207
   4.9978036880  25.2803878784
   4.9978275299  25.3003883362
   4.9978508949  25.3203887939
   4.9978742599  25.3403892517
   4.9978976250  25.3603897095
   4.9979205132  25.3803901672
   4.9979434013  25.4003906250
   4.9979662895  25.4203910828
   4.9979891777  25.4403915405
   4.9980115891  25.4603919983
   4.9980340004  25.4803924561
   4.9980564117  25.5003929138
   4.9980783463  25.5203933716
   4.9981002808  25.5403938293
   4.9981222153  25.5603942871
   4.9981441498  25.5803947449
   4.9981656075  25.6003952026
   4.9981870651  25.6203956604
   4.9982085228  25.6403961182
   4.9982295036  25.6603965759
   4.9982504845  25.6803970337
   4.9982714653  25.7003974915
   4.9982924461  25.7203979492
   4.9983129501  25.7403984070
   4.9983334541  25.7603988647
   4.9983539581  25.7803993225
   4.9983744621  25.8003997803
   4.9983944893  25.8204002380
   4.9984145164  25.8404006958
   4.9984345436  25.8604011536
   4.9984540939  25.8804016113
   4.9984736443  25.9004020691
   4.9984931946  25.9204025269
   4.9985127449  25.9404029846
   4.9985318184  25.9604034424
   4.9985508919  25.9804039001
   4.9985699654  26.0004043579
   4.9985890388  26.0204048157
   4.9986076355  26.0404052734
   4.9986262321  26.0604057312
   4.9986448288  26.0804061890
   4.9986634254  26.1004066467
   4.9986815453  26.1204071045
   4.9986996651  26.1404075623
   4.9987177849  26.1604080200
   4.9987359047  26.1804084778
   4.9987540245  26.2004089355
   4.9987716675  26.2204093933
   4.9987893105  26.2404098511
   4.9988069534  26.2604103088
   4.9988245964  26.2804107666
   4.9988417625  26.3004112244
   4.9988589287  26.3204116821
   4.9988760948  26.3404121399
   4.9988932610  26.3604125977
   4.9989104271  26.3804130554
   4.9989271164  26.4004135132
   4.9989438057  26.4204139709
   4.9989604950  26.4404144287
   4.9989771843  26.4604148865
   4.9989933968  26.4804153442
   4.9990096092  26.5004158020
   4.9990258217  26.5204162598
   4.9990420341  26.5404167175
   4.9990582466  26.5604171753
   4.9990739822  26.5804176331
   4.9990897179  26.6004180908
   4.9991054535  26.6204185486
   4.9991211891  26.6404190063
   4.9991369247  26.6604194641
   4.9991521835  26.6804199219
   4.9991674423  26.7004203796
   4.9991827011  26.7204208374
   4.9991979599  26.7404212952
   4.9992132187  26.7604217529
   4.9992280006  26.7804222107
   4.9992427826  26.8004226685
   4.9992575645  26.8204231262
   4.9992723465  26.8404235840
   4.9992871284  26.8604240417
   4.9993014336  26.8804244995
   4.9993157387  26.9004249573
   4.9993300438  26.9204254150
   4.9993443489  26.9404258728
   4.9993586540  26.9604263306
   4.9993724823  26.9804267883
   4.9993863106  27.0004272461
   4.9994001389  27.0204277039
   4.9994139671  27.0404281616
   4.9994277954  27.0604286194
   4.9994416237  27.0804290771
   4.9994549751  27.1004295349
   4.9994683266  27.1204299927
   4.9994816780  27.1404304504
   4.9994950294  27.1604309082
   4.9995083809  27.1804313660
   4.9995217323  27.2004318237
   4.9995346069  27.2204322815
   4.9995474815  27.2404327393
   4.9995603561  27.2604331970
   4.9995732307  27.2804336548
   4.9995861053  27.3004341125
   4.9995989799  27.3204345703
   4.9996113777  27.3404350281
   4.9996237755  27.3604354858
   4.9996361732  27.3804359436
   4.9996485710  27.4004364014
   4.9996609688  27.4204368591
   4.9996733665  27.4404373169
   4.9996852875  27.4604377747
   4.9996972084  27.4804382324
   4.9997091293  27.5004386902
   4.9997210503  27.5204391479
   4.9997329712  27.5404396057
   4.9997448921  27.5604400635
   4.9997563362  27.5804405212
   4.9997677803  27.6004409790
   4.9997792244  27.6204414368
   4.9997906685  27.6404418945
   4.9998021126  27.6604423523
   4.9998135567  27.6804428101
   4.9998250008  27.7004432678
   4.9998359680  27.7204437256
   4.9998469353  27.7404441833
   4.9998579025  27.7604446411
   4.9998688698  27.7804450989
   4.9998798370  27.8004455566
   4.9998908043  27.8204460144
   4.9999017715  27.8404464722
   4.9999122620  27.8604469299
   4.9999227524  27.8804473877
   4.9999332428  27.9004478455
   4.9999437332  27.9204483032
   4.9999542236  27.9404487610
   4.9999647141  27.9604492188
   4.9999752045  27.9804496765
   4.9999852180  28.0004501343
   4.9999952316  28.0204505920
   5.0000052452  28.0404510498
   5.0000152588  28.0604515076
   5.0000252724  28.0804519653
   5.0000352859  28.1004524231
   5.0000452995  28.1204528809
   5.0000553131  28.1404533386
   5.0000648499  28.1604537964
   5.0000743866  28.1804542542
   5.0000839233  28.2004547119
   5.0000934601  28.2204551697
   5.0001029968  28.2404556274
   5.0001125336  28.2604560852
   5.0001220703  28.2804565430
   5.0001316071  28.3004570007
   5.0001406670  28.3204574585
   5.0001497269  28.3404579163
   5.0001587868  28.3604583740
   5.0001678467  28.3804588318
   5.0001769066  28.4004592896
   5.0001859665  28.4204597473
   5.0001950264  28.4404602051
   5.0002040863  28.4604606628
   5.0002126694  28.4804611206
   5.0002212524  28.5004615784
   5.0002298355  28.5204620361
   5.0002384186  28.5404624939
   5.0002470016  28.5604629517
   5.0002555847  28.5804634094
   5.0002641678  28.6004638672
   5.0002727509  28.6204643250
   5.0002813339  28.6404647827
   5.0002894402  28.6604652405
   5.0002975464  28.6804656982
   5.0003056526  28.7004661560
   5.0003137589  28.7204666138
   5.0003218651  28.7404670715
   5.0003299713  28.7604675293
   5.0003380775  28.7804679871
   5.0003461838  28.8004684448
   5.0003542900  28.8204689026
   5.0003623962  28.8404693604
   5.0003700256  28.8604698181
   5.0003776550  28.8804702759
   5.0003852844  28.9004707336
   5.0003929138  28.9204711914
   5.0004005432  28.9404716492
   5.0004081726  28.9604721069
   5.0004158020  28.9804725647
   5.0004234314  29.0004730225
   5.0004310608  29.0204734802
   5.0004386902  29.0404739380
   5.0004458427  29.0604743958
   5.0004529953  29.0804748535
   5.0004601479  29.1004753113
   5.0004673004  29.1204757690
   5.0004744530  29.1404762268
   5.0004816055  29.1604766846
   5.0004887581  29.1804771423
   5.0004959106  29.2004776001
   5.0005030632  29.2204780579
   5.0005102158  29.2404785156
   5.0005168915  29.2604789734
   5.0005235672  29.2804794312
   5.0005302429  29.3004798889
   5.0005369186  29.3204803467
   5.0005435944  29.3404808044
   5.0005502701  29.3604812622
   5.0005569458  29.3804817200
   5.0005636215  29.4004821777
   5.0005702972  29.4204826355
   5.0005769730  29.4404830933
   5.0005836487  29.4604835510
   5.0005903244  29.4804840088
   5.0005965233  29.5004844666
   5.0006027222  29.5204849243
   5.0006089211  29.5404853821
   5.0006151199  29.5604858398
   5.0006213188  29.5804862976
   5.0006275177  29.6004867554
   5.0006337166  29.6204872131
   5.0006399155  29.6404876709
   5.0006461143  29.6604881287
   5.0006523132  29.6804885864
   5.0006585121  29.7004890442
   5.0006647110  29.7204895020
   5.0006704330  29.7404899597
   5.0006761551  29.7604904175
   5.0006818771  29.7804908752
   5.0006875992  29.8004913330
   5.0006933212  29.8204917908
   5.0006990433  29.8404922485
   5.0007047653  29.8604927063
   5.0007104874  29.8804931641
   5.0007162094  29.9004936218
   5.0007219315  29.9204940796
   5.0007276535  29.9404945374
   5.0007333755  29.9604949951
   5.0007390976  29.9804954529
   5.0007448196  30.0004959106
   5.0007500648  30.0204963684
   5.0007553101  30.0404968262
   5.0007605553  30.0604972839
   5.0007658005  30.0804977417
   5.0007710457  30.1004981995
   5.0007762909  30.1204986572
   5.0007815361  30.1404991150
   5.0007867813  30.1604995728
   5.0007920265  30.1805000305
   5.0007972717  30.2005004883
   5.0008025169  30.2205009460
   5.0008077621  30.2405014038
   5.0008130074  30.2605018616
   5.0008182526  30.2805023193
   5.0008230209  30.3005027771
   5.0008277893  30.3205032349
   5.0008325577  30.3405036926
   5.0008373260  30.3605041504
   5.0008420944  30.3805046082
   5.0008468628  30.4005050659
   5.0008516312  30.4205055237
   5.0008563995  30.4405059814
   5.0008611679  30.4605064392
   5.0008659363  30.4805068970
   5.0008707047  30.5005073547
   5.0008754730  30.5205078125
   5.0008802414  30.5405082703
   5.0008850098  30.5605087280
   5.0008897781  30.5805091858
   5.0008945465  30.6005096436
   5.0008988380  30.6205101013
   5.0009031296  30.6405105591
   5.0009074211  30.6605110168
   5.0009117126  30.6805114746
   5.0009160042  30.7005119324
   5.0009202957  30.7205123901
   5.0009245872  30.7405128479
   5.0009288788  30.7605133057
   5.0009331703  30.7805137634
   5.0009374619  30.8005142212
   5.0009417534  30.8205146790
   5.0009460449  30.8405151367
   5.0009503365  30.8605155945
   5.0009546280  30.8805160522
   5.0009589195  30.9005165100
   5.0009632111  30.9205169678
   5.0009675026  30.9405174255
   5.0009717941  30.9605178833
   5.0009756088  30.9805183411
   5.0009794235  31.0005187988
   5.0009832382  31.0205192566
   5.0009870529  31.0405197144
   5.0009908676  31.0605201721
   5.0009946823  31.0805206299
   5.0009984970  31.1005210876
   5.0010023117  31.1205215454
   5.0010061264  31.1405220032
   5.0010099411  31.1605224609
   5.0010137558  31.1805229187
   5.0010175705  31.2005233765
   5.0010213852  31.2205238342
   5.0010251999  31.2405242920
   5.0010290146  31.2605247498
   5.0010328293  31.2805252075
   5.0010366440  31.3005256653
   5.0010404587  31.3205261230
   5.0010442734  31.3405265808
   5.0010480881  31.3605270386
   5.0010514259  31.3805274963
   5.0010547638  31.4005279541
   5.0010581017  31.4205284119
   5.0010614395  31.4405288696
   5.0010647774  31.4605293274
   5.0010681152  31.4805297852
   5.0010714531  31.5005302429
   5.0010747910  31.5205307007
   5.0010781288  31.5405311584
   5.0010814667  31.5605316162
   5.0010848045  31.5805320740
   5.0010881424  31.6005325317
   5.0010914803  31.6205329895
   5.0010948181  31.6405334473
   5.0010981560  31.6605339050
   5.0011014938  31.6805343628
   5.0011048317  31.7005348206
   5.0011081696  31.7205352783
   5.0011115074  31.7405357361
   5.0011148453  31.7605361938
   5.0011181831  31.7805366516
   5.0011215210  31.8005371094
   5.0011248589  31.8205375671
   5.0011277199  31.8405380249
   5.0011305809  31.8605384827
   5.0011334419  31.8805389404
   5.0011363029  31.9005393982
   5.0011391640  31.9205398560
   5.0011420250  31.9405403137
   5.0011448860  31.9605407715
   5.0011477470  31.9805412292
   5.0011506081  32.0005416870
   5.0011534691  32.0205421448
   5.0011563301  32.0405426025
   5.0011591911  32.0605430603
   5.0011620522  32.0805435181
   5.0011649132  32.1005439758
   5.0011677742  32.1205444336
   5.0011706352  32.1405448914
   5.0011734962  32.1605453491
   5.0011763573  32.1805458069
   5.0011792183  32.2005462646
   5.0011820793  32.2205467224
   5.0011849403  32.2405471802
   5.0011878014  32.2605476379
   5.0011906624  32.2805480957
   5.0011935234  32.3005485535
   5.0011963844  32.3205490112
   5.0011992455  32.3405494690
   5.0012021065  32.3605499268
   5.0012044907  32.3805503845
   5.0012068748  32.4005508423
   5.0012092590  32.4205513000
   5.0012116432  32.4405517578
   5.0012140274  32.4605522156
   5.0012164116  32.4805526733
   5.0012187958  32.5005531311
   5.0012211800  32.5205535889
   5.0012235641  32.5405540466
   5.0012259483  32.5605545044
   5.0012283325  32.5805549622
   5.0012307167  32.6005554199
   5.0012331009  32.6205558777
   5.0012354851  32.6405563354
   5.0012378693  32.6605567932
   5.0012402534  32.6805572510
   5.0012426376  32.7005577087
   5.0012450218  32.7205581665
   5.0012474060  32.7405586243
   5.0012497902  32.7605590820
   5.0012521744  32.7805595398
   5.0012545586  32.8005599976
   5.0012569427  32.8205604553
   5.0012593269  32.8405609131
   5.0012617111  32.8605613708
   5.0012640953  32.8805618286
   5.0012664795  32.9005622864
   5.0012688637  32.9205627441
   5.0012712479  32.9405632019
   5.0012736320  32.9605636597
   5.0012760162  32.9805641174
   5.0012784004  33.0005645752
   5.0012807846  33.0205650330
   5.0012826920  33.0405654907
   5.0012845993  33.0605659485
   5.0012865067  33.0805664062
   5.0012884140  33.1005668640
   5.0012903214  33.1205673218
   5.0012922287  33.1405677795
   5.0012941360  33.1605682373
   5.0012960434  33.1805686951
   5.0012979507  33.2005691528
   5.0012998581  33.2205696106
   5.0013017654  33.2405700684
   5.0013036728  33.2605705261
   5.0013055801  33.2805709839
   5.0013074875  33.3005714417
   5.0013093948  33.3205718994
   5.0013113022  33.3405723572
   5.0013132095  33.3605728149
   5.0013151169  33.3805732727
   5.0013170242  33.4005737305
   5.0013189316  33.4205741882
   5.0013208389  33.4405746460
   5.0013227463  33.4605751038
   5.0013246536  33.4805755615
   5.0013265610  33.5005760193
   5.0013284683  33.5205764771
   5.0013303757  33.5405769348
   5.0013322830  33.5605773926
   5.0013341904  33.5805778503
   5.0013360977  33.6005783081
   5.0013380051  33.6205787659
   5.0013399124  33.6405792236
   5.0013418198  33.6605796814
   5.0013437271  33.6805801392
   5.0013456345  33.7005805969
   5.0013475418  33.7205810547
   5.0013494492  33.7405815125
   5.0013513565  33.7605819702
   5.0013532639  33.7805824280
   5.0013551712  33.8005828857
   5.0013570786  33.8205833435
   5.0013585091  33.8405838013
   5.0013599396  33.8605842590
   5.0013613701  33.8805847168
   5.0013628006  33.9005851746
   5.0013642311  33.9205856323
   5.0013656616  33.9405860901
   5.0013670921  33.9605865479
   5.0013685226  33.9805870056
   5.0013699532  34.0005874634
   5.0013713837  34.0205879211
   5.0013728142  34.0405883789
   5.0013742447  34.0605888367
   5.0013756752  34.0805892944
   5.0013771057  34.1005897522
   5.0013785362  34.1205902100
   5.0013799667  34.1405906677
   5.0013813972  34.1605911255
   5.0013828278  34.1805915833
   5.0013842583  34.2005920410
   5.0013856888  34.2205924988
   5.0013871193  34.2405929565
   5.0013885498  34.2605934143
   5.0013899803  34.2805938721
   5.0013914108  34.3005943298
   5.0013928413  34.3205947876
   5.0013942719  34.3405952454
   5.0013957024  34.3605957031
   5.0013971329  34.3805961609
   5.0013985634  34.4005966187
   5.0013999939  34.4205970764
   5.0014014244  34.4405975342
   5.0014028549  34.4605979919
   5.0014042854  34.4805984497
   5.0014057159  34.5005989075
   5.0014071465  34.5205993652
   5.0014085770  34.5405998230
   5.0014100075  34.5606002808
   5.0014114380  34.5806007385
   5.0014128685  34.6006011963
   5.0014142990  34.6206016541
   5.0014157295  34.6406021118
   5.0014171600  34.6606025696
   5.0014185905  34.6806030273
   5.0014200211  34.7006034851
   5.0014214516  34.7206039429
   5.0014228821  34.7406044006
   5.0014243126  34.7606048584
   5.0014257431  34.7806053162
   5.0014271736  34.8006057739
   5.0014286041  34.8206062317
   5.0014300346  34.8406066895
   5.0014314651  34.8606071472
   5.0014328957  34.8806076050
   5.0014338493  34.9006080627
   5.0014348030  34.9206085205
   5.0014357567  34.9406089783
   5.0014367104  34.9606094360
   5.0014376640  34.9806098938
   5.0014386177  35.0006103516
   5.0014395714  35.0206108093
   5.0014405251  35.0406112671
   5.0014414787  35.0606117249
   5.0014424324  35.0806121826
   5.0014433861  35.1006126404
   5.0014443398  35.1206130981
   5.0014452934  35.1406135559
   5.0014462471  35.1606140137
   5.0014472008  35.1806144714
   5.0014481544  35.2006149292
   5.0014491081  35.2206153870
   5.0014500618  35.2406158447
   5.0014510155  35.2606163025
   5.0014519691  35.2806167603
   5.0014529228  35.3006172180
   5.0014538765  35.3206176758
   5.0014548302  35.3406181335
   5.0014557838  35.3606185913
   5.0014567375  35.3806190491
   5.0014576912  35.4006195068
   5.0014586449  35.4206199646
   5.0014595985  35.4406204224
   5.0014605522  35.4606208801
   5.0014615059  35.4806213379
   5.0014624596  35.5006217957
   5.0014634132  35.5206222534
   5.0014643669  35.5406227112
   5.0014653206  35.5606231689
   5.0014662743  35.5806236267
   5.0014672279  35.6006240845
   5.0014681816  35.6206245422
   5.0014691353  35.6406250000
   5.0014700890  35.6606254578
   5.0014710426  35.6806259155
   5.0014719963  35.7006263733
   5.0014729500  35.7206268311
   5.0014739037  35.7406272888
   5.0014748573  35.7606277466
   5.0014758110  35.7806282043
   5.0014767647  35.8006286621
   5.0014777184  35.8206291199
   5.0014786720  35.8406295776
   5.0014796257  35.8606300354
   5.0014805794  35.8806304932
   5.0014815331  35.9006309509
   5.0014824867  35.9206314087
   5.0014834404  35.9406318665
   5.0014843941  35.9606323242
   5.0014853477  35.9806327820
   5.0014863014  36.0006332397
   5.0014872551  36.0206336975
   5.0014882088  36.0406341553
   5.0014891624  36.0606346130
   5.0014901161  36.0806350708
   5.0014910698  36.1006355286
   5.0014920235  36.1206359863
   5.0014929771  36.1406364441
   5.0014939308  36.1606369019
   5.0014948845  36.1806373596
   5.0014958382  36.2006378174
   5.0014967918  36.2206382751
   5.0014977455  36.2406387329
   5.0014986992  36.2606391907
   5.0014996529  36.2806396484
   5.0015006065  36.3006401062
   5.0015015602  36.3206405640
   5.0015025139  36.3406410217
   5.0015034676  36.3606414795
   5.0015044212  36.3806419373
   5.0015053749  36.4006423950
   5.0015063286  36.4206428528
   5.0015072823  36.4406433105
   5.0015082359  36.4606437683
   5.0015091896  36.4806442261
   5.0015101433  36.5006446838
   5.0015106201  36.5206451416
   5.0015110970  36.5406455994
   5.0015115738  36.5606460571
   5.0015120506  36.5806465149
   5.0015125275  36.6006469727
   5.0015130043  36.6206474304
   5.0015134811  36.6406478882
   5.0015139580  36.6606483459
   5.0015144348  36.6806488037
   5.0015149117  36.7006492615
   5.0015153885  36.7206497192
   5.0015158653  36.7406501770
   5.0015163422  36.7606506348
   5.0015168190  36.7806510925
   5.0015172958  36.8006515503
   5.0015177727  36.8206520081
   5.0015182495  36.8406524658
   5.0015187263  36.8606529236
   5.0015192032  36.8806533813
   5.0015196800  36.9006538391
   5.0015201569  36.9206542969
   5.0015206337  36.9406547546
   5.0015211105  36.9606552124
   5.0015215874  36.9806556702
   5.0015220642  37.0006561279
   5.0015225410  37.0206565857
   5.0015230179  37.0406570435
   5.0015234947  37.0606575012
   5.0015239716  37.0806579590
   5.0015244484  37.1006584167
   5.0015249252  37.1206588745
   5.0015254021  37.1406593323
   5.0015258789  37.1606597900
   5.0015263557  37.1806602478
   5.0015268326  37.2006607056
   5.0015273094  37.2206611633
   5.0015277863  37.2406616211
   5.0015282631  37.2606620789
   5.0015287399  37.2806625366
   5.0015292168  37.3006629944
   5.0015296936  37.3206634521
   5.0015301704  37.3406639099
   5.0015306473  37.3606643677
   5.0015311241  37.3806648254
   5.0015316010  37.4006652832
   5.0015320778  37.4206657410
   5.0015325546  37.4406661987
   5.0015330315  37.4606666565
   5.0015335083  37.4806671143
   5.0015339851  37.5006675720
   5.0015344620  37.5206680298
   5.0015349388  37.5406684875
   5.0015354156  37.5606689453
   5.0015358925  37.5806694031
   5.0015363693  37.6006698608
   5.0015368462  37.6206703186
   5.0015373230  37.6406707764
   5.0015377998  37.6606712341
   5.0015382767  37.6806716919
   5.0015387535  37.7006721497
   5.0015392303  37.7206726074
   5.0015397072  37.7406730652
   5.0015401840  37.7606735229
   5.0015406609  37.7806739807
   5.0015411377  37.8006744385
   5.0015416145  37.8206748962
   5.0015420914  37.8406753540
   5.0015425682  37.8606758118
   5.0015430450  37.8806762695
   5.0015435219  37.9006767273
   5.0015439987  37.9206771851
   5.0015444756  37.9406776428
   5.0015449524  37.9606781006
   5.0015454292  37.9806785583
   5.0015459061  38.0006790161
   5.0015463829  38.0206794739
   5.0015468597  38.0406799316
   5.0015473366  38.0606803894
   5.0015478134  38.0806808472
   5.0015482903  38.1006813049
   5.0015487671  38.1206817627
   5.0015492439  38.1406822205
   5.0015497208  38.1606826782
   5.0015501976  38.1806831360
   5.0015506744  38.2006835938
   5.0015511513  38.2206840515
   5.0015516281  38.2406845093
   5.0015521049  38.2606849670
   5.0015525818  38.2806854248
   5.0015530586  38.3006858826
   5.0015535355  38.3206863403
   5.0015540123  38.3406867981
   5.0015544891  38.3606872559
   5.0015549660  38.3806877136
   5.0015554428  38.4006881714
   5.0015559196  38.4206886292
   5.0015563965  38.4406890869
   5.0015568733  38.4606895447
   5.0015573502  38.4806900024
   5.0015578270  38.5006904602
   5.0015583038  38.5206909180
   5.0015587807  38.5406913757
   5.0015592575  38.5606918335
   5.0015597343  38.5806922913
   5.0015602112  38.6006927490
   5.0015606880  38.6206932068
   5.0015611649  38.6406936646
   5.0015616417  38.6606941223
   5.0015621185  38.6806945801
   5.0015625954  38.7006950378
   5.0015630722  38.7206954956
   5.0015635490  38.7406959534
   5.0015640259  38.7606964111
   5.0015645027  38.7806968689
   5.0015649796  38.8006973267
   5.0015654564  38.8206977844
   5.0015659332  38.8406982422
   5.0015664101  38.8606987000
   5.0015668869  38.8806991577
   5.0015673637  38.9006996155
   5.0015678406  38.9207000732
   5.0015683174  38.9407005310
   5.0015687943  38.9607009888
   5.0015692711  38.9807014465
   5.0015697479  39.0007019043
   5.0015702248  39.0207023621
   5.0015707016  39.0407028198
   5.0015711784  39.0607032776
   5.0015716553  39.0807037354
   5.0015721321  39.1007041931
   5.0015726089  39.1207046509
   5.0015730858  39.1407051086
   5.0015735626  39.1607055664
   5.0015740395  39.1807060242
   5.0015745163  39.2007064819
   5.0015749931  39.2207069397
   5.0015754700  39.2407073975
   5.0015759468  39.2607078552
   5.0015764236  39.2807083130
   5.0015769005  39.3007087708
   5.0015773773  39.3207092285
   5.0015778542  39.3407096863
   5.0015783310  39.3607101440
   5.0015788078  39.3807106018
   5.0015792847  39.4007110596
   5.0015797615  39.4207115173
   5.0015802383  39.4407119751
   5.0015807152  39.4607124329
   5.0015811920  39.4807128906
   5.0015816689  39.5007133484
   5.0015821457  39.5207138062
   5.0015826225  39.5407142639
   5.0015830994  39.5607147217
   5.0015835762  39.5807151794
   5.0015840530  39.6007156372
   5.0015845299  39.6207160950
   5.0015850067  39.6407165527
   5.0015854836  39.6607170105
   5.0015859604  39.6807174683
   5.0015864372  39.7007179260
   5.0015869141  39.7207183838
   5.0015869141  39.7407188416
   5.0015869141  39.7607192993
   5.0015869141  39.7807197571
   5.0015869141  39.8007202148
   5.0015869141  39.8207206726
   5.0015869141  39.8407211304
   5.0015869141  39.8607215881
   5.0015869141  39.8807220459
   5.0015869141  39.9007225037
   5.0015869141  39.9207229614
   5.0015869141  39.9407234192
   5.0015869141  39.9607238770
   5.0015869141  39.9807243347
   5.0015869141  40.0007247925
   5.0015869141  40.0207252502
   5.0015869141  40.0407257080
   5.0015869141  40.0607261658
   5.0015869141  40.0807266235
   5.0015869141  40.1007270813
   5.0015869141  40.1207275391
   5.0015869141  40.1407279968
   5.0015869141  40.1607284546
   5.0015869141  40.1807289124
   5.0015869141  40.2007293701
   5.0015869141  40.2207298279
   5.0015869141  40.2407302856
   5.0015869141  40.2607307434
   5.0015869141  40.2807312012
   5.0015869141  40.3007316589
   5.0015869141  40.3207321167
   5.0015869141  40.3407325745
   5.0015869141  40.3607330322
   5.0015869141  40.3807334900
   5.0015869141  40.4007339478
   5.0015869141  40.4207344055
   5.0015869141  40.4407348633
   5.0015869141  40.4607353210
   5.0015869141  40.4807357788
   5.0015869141  40.5007362366
   5.0015869141  40.5207366943
   5.0015869141  40.5407371521
   5.0015869141  40.5607376099
   5.0015869141  40.5807380676
   5.0015869141  40.6007385254
   5.0015869141  40.6207389832
   5.0015869141  40.6407394409
   5.0015869141  40.6607398987
   5.0015869141  40.6807403564
   5.0015869141  40.7007408142
   5.0015869141  40.7207412720
   5.0015869141  40.7407417297
   5.0015869141  40.7607421875
   5.0015869141  40.7807426453
   5.0015869141  40.8007431030
   5.0015869141  40.8207435608
   5.0015869141  40.8407440186
   5.0015869141  40.8607444763
   5.0015869141  40.8807449341
   5.0015869141  40.9007453918
   5.0015869141  40.9207458496
   5.0015869141  40.9407463074
   5.0015869141  40.9607467651
   5.0015869141  40.9807472229
   5.0015869141  41.0007476807
   5.0015869141  41.0207481384
   5.0015869141  41.0407485962
   5.0015869141  41.0607490540
   5.0015869141  41.0807495117
   5.0015869141  41.1007499695
   5.0015869141  41.1207504272
   5.0015869141  41.1407508850
   5.0015869141  41.1607513428
   5.0015869141  41.1807518005
   5.0015869141  41.2007522583
   5.0015869141  41.2207527161
   5.0015869141  41.2407531738
   5.0015869141  41.2607536316
   5.0015869141  41.2807540894
   5.0015869141  41.3007545471
   5.0015869141  41.3207550049
   5.0015869141  41.3407554626
   5.0015869141  41.3607559204
   5.0015869141  41.3807563782
   5.0015869141  41.4007568359
   5.0015869141  41.4207572937
   5.0015869141  41.4407577515
   5.0015869141  41.4607582092
   5.0015869141  41.4807586670
   5.0015869141  41.5007591248
   5.0015869141  41.5207595825
   5.0015869141  41.5407600403
   5.0015869141  41.5607604980
   5.0015869141  41.5807609558
   5.0015869141  41.6007614136
   5.0015869141  41.6207618713
   5.0015869141  41.6407623291
   5.0015869141  41.6607627869
   5.0015869141  41.6807632446
   5.0015869141  41.7007637024
   5.0015869141  41.7207641602
   5.0015869141  41.7407646179
   5.0015869141  41.7607650757
   5.0015869141  41.7807655334
   5.0015869141  41.8007659912
   5.0015869141  41.8207664490
   5.0015869141  41.8407669067
   5.0015869141  41.8607673645
   5.0015869141  41.8807678223
   5.0015869141  41.9007682800
   5.0015869141  41.9207687378
   5.0015869141  41.9407691956
   5.0015869141  41.9607696533
   5.0015869141  41.9807701111
   5.0015869141  42.0007705688
   5.0015869141  42.0207710266
   5.0015869141  42.0407714844
   5.0015869141  42.0607719421
   5.0015869141  42.0807723999
   5.0015869141  42.1007728577
   5.0015869141  42.1207733154
   5.0015869141  42.1407737732
   5.0015869141  42.1607742310
   5.0015869141  42.1807746887
   5.0015869141  42.2007751465
   5.0015869141  42.2207756042
   5.0015869141  42.2407760620
   5.0015869141  42.2607765198
   5.0015869141  42.2807769775
   5.0015869141  42.3007774353
   5.0015869141  42.3207778931
   5.0015869141  42.3407783508
   5.0015869141  42.3607788086
   5.0015869141  42.3807792664
   5.0015869141  42.4007797241
   5.0015869141  42.4207801819
   5.0015869141  42.4407806396
   5.0015869141  42.4607810974
   5.0015869141  42.4807815552
   5.0015869141  42.5007820129
   5.0015869141  42.5207824707
   5.0015869141  42.5407829285
   5.0015869141  42.5607833862
   5.0015869141  42.5807838440
   5.0015869141  42.6007843018
   5.0015869141  42.6207847595
   5.0015869141  42.6407852173
   5.0015869141  42.6607856750
   5.0015869141  42.6807861328
   5.0015869141  42.7007865906
   5.0015869141  42.7207870483
   5.0015869141  42.7407875061
   5.0015869141  42.7607879639
   5.0015869141  42.7807884216
   5.0015869141  42.8007888794
   5.0015869141  42.8207893372
   5.0015869141  42.8407897949
   5.0015869141  42.8607902527
   5.0015869141  42.8807907104
   5.0015869141  42.9007911682
   5.0015869141  42.9207916260
   5.0015869141  42.9407920837
   5.0015869141  42.9607925415
   5.0015869141  42.9807929993
   5.0015869141  43.0007934570
   5.0015869141  43.0207939148
   5.0015869141  43.0407943726
   5.0015869141  43.0607948303
   5.0015869141  43.0807952881
   5.0015869141  43.1007957458
   5.0015869141  43.1207962036
   5.0015869141  43.1407966614
   5.0015869141  43.1607971191
   5.0015869141  43.1807975769
   5.0015869141  43.2007980347
   5.0015869141  43.2207984924
   5.0015869141  43.2407989502
   5.0015869141  43.2607994080
   5.0015869141  43.2807998657
   5.0015869141  43.3008003235
   5.0015869141  43.3208007812
   5.0015869141  43.3408012390
   5.0015869141  43.3608016968
   5.0015869141  43.3808021545
   5.0015869141  43.4008026123
   5.0015869141  43.4208030701
   5.0015869141  43.4408035278
   5.0015869141  43.4608039856
   5.0015869141  43.4808044434
   5.0015869141  43.5008049011
   5.0015869141  43.5208053589
   5.0015869141  43.5408058167
   5.0015869141  43.5608062744
   5.0015869141  43.5808067322
   5.0015869141  43.6008071899
   5.0015869141  43.6208076477
   5.0015869141  43.6408081055
   5.0015869141  43.6608085632
   5.0015869141  43.6808090210
   5.0015869141  43.7008094788
   5.0015869141  43.7208099365
   5.0015869141  43.7408103943
   5.0015869141  43.7608108521
   5.0015869141  43.7808113098
   5.0015869141  43.8008117676
   5.0015869141  43.8208122253
   5.0015869141  43.8408126831
   5.0015869141  43.8608131409
   5.0015869141  43.8808135986
   5.0015869141  43.9008140564
   5.0015869141  43.9208145142
   5.0015869141  43.9408149719
   5.0015869141  43.9608154297
   5.0015869141  43.9808158875
   5.0015869141  44.0008163452
   5.0015869141  44.0208168030
   5.0015869141  44.0408172607
   5.0015869141  44.0608177185
   5.0015869141  44.0808181763
   5.0015869141  44.1008186340
   5.0015869141  44.1208190918
   5.0015869141  44.1408195496
   5.0015869141  44.1608200073
   5.0015869141  44.1808204651
   5.0015869141  44.2008209229
   5.0015869141  44.2208213806
   5.0015869141  44.2408218384
   5.0015869141  44.2608222961
   5.0015869141  44.2808227539
   5.0015869141  44.3008232117
   5.0015869141  44.3208236694
   5.0015869141  44.3408241272
   5.0015869141  44.3608245850
   5.0015869141  44.3808250427
   5.0015869141  44.4008255005
   5.0015869141  44.4208259583
   5.0015869141  44.4408264160
   5.0015869141  44.4608268738
   5.0015869141  44.4808273315
   5.0015869141  44.5008277893
   5.0015869141  44.5208282471
   5.0015869141  44.5408287048
   5.0015869141  44.5608291626
   5.0015869141  44.5808296204
   5.0015869141  44.6008300781
   5.0015869141  44.6208305359
   5.0015869141  44.6408309937
   5.0015869141  44.6608314514
   5.0015869141  44.6808319092
   5.0015869141  44.7008323669
   5.0015869141  44.7208328247
   5.0015869141  44.7408332825
   5.0015869141  44.7608337402
   5.0015869141  44.7808341980
   5.0015869141  44.8008346558
   5.0015869141  44.8208351135
   5.0015869141  44.8408355713
   5.0015869141  44.8608360291
   5.0015869141  44.8808364868
   5.0015869141  44.9008369446
   5.0015869141  44.9208374023
   5.0015869141  44.9408378601
   5.0015869141  44.9608383179
   5.0015869141  44.9808387756
   5.0015869141  45.0008392334
   5.0015869141  45.0208396912
   5.0015869141  45.0408401489
   5.0015869141  45.0608406067
   5.0015869141  45.0808410645
   5.0015869141  45.1008415222
   5.0015869141  45.1208419800
   5.0015869141  45.1408424377
   5.0015869141  45.1608428955
   5.0015869141  45.1808433533
   5.0015869141  45.2008438110
   5.0015869141  45.2208442688
   5.0015869141  45.2408447266
   5.0015869141  45.2608451843
   5.0015869141  45.2808456421
   5.0015869141  45.3008460999
   5.0015869141  45.3208465576
   5.0015869141  45.3408470154
   5.0015869141  45.3608474731
   5.0015869141  45.3808479309
   5.0015869141  45.4008483887
   5.0015869141  45.4208488464
   5.0015869141  45.4408493042
   5.0015869141  45.4608497620
   5.0015869141  45.4808502197
   5.0015869141  45.5008506775
   5.0015869141  45.5208511353
   5.0015869141  45.5408515930
   5.0015869141  45.5608520508
   5.0015869141  45.5808525085
   5.0015869141  45.6008529663
   5.0015869141  45.6208534241
   5.0015869141  45.6408538818
   5.0015869141  45.6608543396
   5.0015869141  45.6808547974
   5.0015869141  45.7008552551
   5.0015869141  45.7208557129
   5.0015869141  45.7408561707
   5.0015869141  45.7608566284
   5.0015869141  45.7808570862
   5.0015869141  45.8008575439
   5.0015869141  45.8208580017
   5.0015869141  45.8408584595
   5.0015869141  45.8608589172
   5.0015869141  45.8808593750
   5.0015869141  45.9008598328
   5.0015869141  45.9208602905
   5.0015869141  45.9408607483
   5.0015869141  45.9608612061
   5.0015869141  45.9808616638
   5.0015869141  46.0008621216
   5.0015869141  46.0208625793
   5.0015869141  46.0408630371
   5.0015869141  46.0608634949
   5.0015869141  46.0808639526
   5.0015869141  46.1008644104
   5.0015869141  46.1208648682
   5.0015869141  46.1408653259
   5.0015869141  46.1608657837
   5.0015869141  46.1808662415
   5.0015869141  46.2008666992
   5.0015869141  46.2208671570
   5.0015869141  46.2408676147
   5.0015869141  46.2608680725
   5.0015869141  46.2808685303
   5.0015869141  46.3008689880
   5.0015869141  46.3208694458
   5.0015869141  46.3408699036
   5.0015869141  46.3608703613
   5.0015869141  46.3808708191
   5.0015869141  46.4008712769
   5.0015869141  46.4208717346
   5.0015869141  46.4408721924
   5.0015869141  46.4608726501
   5.0015869141  46.4808731079
   5.0015869141  46.5008735657
   5.0015869141  46.5208740234
   5.0015869141  46.5408744812
   5.0015869141  46.5608749390
   5.0015869141  46.5808753967
   5.0015869141  46.6008758545
   5.0015869141  46.6208763123
   5.0015869141  46.6408767700
   5.0015869141  46.6608772278
   5.0015869141  46.6808776855
   5.0015869141  46.7008781433
   5.0015869141  46.7208786011
   5.0015869141  46.7408790588
   5.0015869141  46.7608795166
   5.0015869141  46.7808799744
   5.0015869141  46.8008804321
   5.0015869141  46.8208808899
   5.0015869141  46.8408813477
   5.0015869141  46.8608818054
   5.0015869141  46.8808822632
   5.0015869141  46.9008827209
   5.0015869141  46.9208831787
   5.0015869141  46.9408836365
   5.0015869141  46.9608840942
   5.0015869141  46.9808845520
   5.0015869141  47.0008850098
   5.0015869141  47.0208854675
   5.0015869141  47.0408859253
   5.0015869141  47.0608863831
   5.0015869141  47.0808868408
   5.0015869141  47.1008872986
   5.0015869141  47.1208877563
   5.0015869141  47.1408882141
   5.0015869141  47.1608886719
   5.0015869141  47.1808891296
   5.0015869141  47.2008895874
   5.0015869141  47.2208900452
   5.0015869141  47.2408905029
   5.0015869141  47.2608909607
   5.0015869141  47.2808914185
   5.0015869141  47.3008918762
   5.0015869141  47.3208923340
   5.0015869141  47.3408927917
   5.0015869141  47.3608932495
   5.0015869141  47.3808937073
   5.0015869141  47.4008941650
   5.0015869141  47.4208946228
   5.0015869141  47.4408950806
   5.0015869141  47.4608955383
   5.0015869141  47.4808959961
   5.0015869141  47.5008964539
   5.0015869141  47.5208969116
   5.0015869141  47.5408973694
   5.0015869141  47.5608978271
   5.0015869141  47.5808982849
   5.0015869141  47.6008987427
   5.0015869141  47.6208992004
   5.0015869141  47.6408996582
   5.0015869141  47.6609001160
   5.0015869141  47.6809005737
   5.0015869141  47.7009010315
   5.0015869141  47.7209014893
   5.0015869141  47.7409019470
   5.0015869141  47.7609024048
   5.0015869141  47.7809028625
   5.0015869141  47.8009033203
   5.0015869141  47.8209037781
   5.0015869141  47.8409042358
   5.0015869141  47.8609046936
   5.0015869141  47.8809051514
   5.0015869141  47.9009056091
   5.0015869141  47.9209060669
   5.0015869141  47.9409065247
   5.0015869141  47.9609069824
   5.0015869141  47.9809074402
   5.0015869141  48.0009078979
   5.0015869141  48.0209083557
   5.0015869141  48.0409088135
   5.0015869141  48.0609092712
   5.0015869141  48.0809097290
   5.0015869141  48.1009101868
   5.0015869141  48.1209106445
   5.0015869141  48.1409111023
   5.0015869141  48.1609115601
   5.0015869141  48.1809120178
   5.0015869141  48.2009124756
   5.0015869141  48.2209129333
   5.0015869141  48.2409133911
   5.0015869141  48.2609138489
   5.0015869141  48.2809143066
   5.0015869141  48.3009147644
   5.0015869141  48.3209152222
   5.0015869141  48.3409156799
   5.0015869141  48.3609161377
   5.0015869141  48.3809165955
   5.0015869141  48.4009170532
   5.0015869141  48.4209175110
   5.0015869141  48.4409179688
   5.0015869141  48.4609184265
   5.0015869141  48.4809188843
   5.0015869141  48.5009193420
   5.0015869141  48.5209197998
   5.0015869141  48.5409202576
   5.0015869141  48.5609207153
   5.0015869141  48.5809211731
   5.0015869141  48.6009216309
   5.0015869141  48.6209220886
   5.0015869141  48.6409225464
   5.0015869141  48.6609230042
   5.0015869141  48.6809234619
   5.0015869141  48.7009239197
   5.0015869141  48.7209243774
   5.0015869141  48.7409248352
   5.0015869141  48.7609252930
   5.0015869141  48.7809257507
   5.0015869141  48.8009262085
   5.0015869141  48.8209266663
   5.0015869141  48.8409271240
   5.0015869141  48.8609275818
   5.0015869141  48.8809280396
   5.0015869141  48.9009284973
   5.0015869141  48.9209289551
   5.0015869141  48.9409294128
   5.0015869141  48.9609298706
   5.0015869141  48.9809303284
   5.0015869141  49.0009307861
   5.0015869141  49.0209312439
   5.0015869141  49.0409317017
   5.0015869141  49.0609321594
   5.0015869141  49.0809326172
   5.0015869141  49.1009330750
   5.0015869141  49.1209335327
   5.0015869141  49.1409339905
   5.0015869141  49.1609344482
   5.0015869141  49.1809349060
   5.0015869141  49.2009353638
   5.0015869141  49.2209358215
   5.0015869141  49.2409362793
   5.0015869141  49.2609367371
   5.0015869141  49.2809371948
   5.0015869141  49.3009376526
   5.0015869141  49.3209381104
   5.0015869141  49.3409385681
   5.0015869141  49.3609390259
   5.0015869141  49.3809394836
   5.0015869141  49.4009399414
   5.0015869141  49.4209403992
   5.0015869141  49.4409408569
   5.0015869141  49.4609413147
   5.0015869141  49.4809417725
   5.0015869141  49.5009422302
   5.0015869141  49.5209426880
   5.0015869141  49.5409431458
   5.0015869141  49.5609436035
   5.0015869141  49.5809440613
   5.0015869141  49.6009445190
   5.0015869141  49.6209449768
   5.0015869141  49.6409454346
   5.0015869141  49.6609458923
   5.0015869141  49.6809463501
   5.0015869141  49.7009468079
   5.0015869141  49.7209472656
   5.0015869141  49.7409477234
   5.0015869141  49.7609481812
   5.0015869141  49.7809486389
   5.0015869141  49.8009490967
   5.0015869141  49.8209495544
   5.0015869141  49.8409500122
   5.0015869141  49.8609504700
   5.0015869141  49.8809509277
   5.0015869141  49.9009513855
   5.0015869141  49.9209518433
   5.0015869141  49.9409523010
   5.0015869141  49.9609527588
   5.0015869141  49.9809532166
   5.0015869141  50.0009536743
   5.0015869141  50.0209541321
   5.0015869141  50.0409545898
   5.0015869141  50.0609550476
   5.0015869141  50.0809555054
   5.0015869141  50.1009559631
   5.0015869141  50.1209564209
   5.0015869141  50.1409568787
   5.0015869141  50.1609573364
   5.0015869141  50.1809577942
   5.0015869141  50.2009582520
   5.0015869141  50.2209587097
   5.0015869141  50.2409591675
   5.0015869141  50.2609596252
   5.0015869141  50.2809600830
   5.0015869141  50.3009605408
   5.0015869141  50.3209609985
   5.0015869141  50.3409614563
   5.0015869141  50.3609619141
   5.0015869141  50.3809623718
   5.0015869141  50.4009628296
   5.0015869141  50.4209632874
   5.0015869141  50.4409637451
   5.0015869141  50.4609642029
   5.0015869141  50.4809646606
   5.0015869141  50.5009651184
   5.0015869141  50.5209655762
   5.0015869141  50.5409660339
   5.0015869141  50.5609664917
   5.0015869141  50.5809669495
   5.0015869141  50.6009674072
   5.0015869141  50.6209678650
   5.0015869141  50.6409683228
   5.0015869141  50.6609687805
   5.0015869141  50.6809692383
   5.0015869141  50.7009696960
   5.0015869141  50.7209701538
   5.0015869141  50.7409706116
   5.0015869141  50.7609710693
   5.0015869141  50.7809715271
   5.0015869141  50.8009719849
   5.0015869141  50.8209724426
   5.0015869141  50.8409729004
   5.0015869141  50.8609733582
   5.0015869141  50.8809738159
   5.0015869141  50.9009742737
   5.0015869141  50.9209747314
   5.0015869141  50.9409751892
   5.0015869141  50.9609756470
   5.0015869141  50.9809761047
   5.0015869141  51.0009765625
   5.0015869141  51.0209770203
   5.0015869141  51.0409774780
   5.0015869141  51.0609779358
   5.0015869141  51.0809783936
   5.0015869141  51.1009788513
   5.0015869141  51.1209793091
   5.0015869141  51.1409797668
   5.0015869141  51.1609802246
   5.0015869141  51.1809806824
   5.0015869141  51.2009811401
   5.0015869141  51.2209815979
   5.0015869141  51.2409820557
   5.0015869141  51.2609825134
   5.0015869141  51.2809829712
   5.0015869141  51.3009834290
   5.0015869141  51.3209838867
   5.0015869141  51.3409843445
   5.0015869141  51.3609848022
   5.0015869141  51.3809852600
   5.0015869141  51.4009857178
   5.0015869141  51.4209861755
   5.0015869141  51.4409866333
   5.0015869141  51.4609870911
   5.0015869141  51.4809875488
   5.0015869141  51.5009880066
   5.0015869141  51.5209884644
   5.0015869141  51.5409889221
   5.0015869141  51.5609893799
   5.0015869141  51.5809898376
   5.0015869141  51.6009902954
   5.0015869141  51.6209907532
   5.0015869141  51.6409912109
   5.0015869141  51.6609916687
   5.0015869141  51.6809921265
   5.0015869141  51.7009925842
   5.0015869141  51.7209930420
   5.0015869141  51.7409934998
   5.0015869141  51.7609939575
   5.0015869141  51.7809944153
   5.0015869141  51.8009948730
   5.0015869141  51.8209953308
   5.0015869141  51.8409957886
   5.0015869141  51.8609962463
   5.0015869141  51.8809967041
   5.0015869141  51.9009971619
   5.0015869141  51.9209976196
   5.0015869141  51.9409980774
   5.0015869141  51.9609985352
   5.0015869141  51.9809989929
   5.0015869141  52.0009994507
   5.0015869141  52.0209999084
   5.0015869141  52.0410003662
   5.0015869141  52.0610008240
   5.0015869141  52.0810012817
   5.0015869141  52.1010017395
   5.0015869141  52.1210021973
   5.0015869141  52.1410026550
   5.0015869141  52.1610031128
   5.0015869141  52.1810035706
   5.0015869141  52.2010040283
   5.0015869141  52.2210044861
   5.0015869141  52.2410049438
   5.0015869141  52.2610054016
   5.0015869141  52.2810058594
   5.0015869141  52.3010063171
   5.0015869141  52.3210067749
   5.0015869141  52.3410072327
   5.0015869141  52.3610076904
   5.0015869141  52.3810081482
   5.0015869141  52.4010086060
   5.0015869141  52.4210090637
   5.0015869141  52.4410095215
   5.0015869141  52.4610099792
   5.0015869141  52.4810104370
   5.0015869141  52.5010108948
   5.0015869141  52.5210113525
   5.0015869141  52.5410118103
   5.0015869141  52.5610122681
   5.0015869141  52.5810127258
   5.0015869141  52.6010131836
   5.0015869141  52.6210136414
   5.0015869141  52.6410140991
   5.0015869141  52.6610145569
   5.0015869141  52.6810150146
   5.0015869141  52.7010154724
   5.0015869141  52.7210159302
   5.0015869141  52.7410163879
   5.0015869141  52.7610168457
   5.0015869141  52.7810173035
   5.0015869141  52.8010177612
   5.0015869141  52.8210182190
   5.0015869141  52.8410186768
   5.0015869141  52.8610191345
   5.0015869141  52.8810195923
   5.0015869141  52.9010200500
   5.0015869141  52.9210205078
   5.0015869141  52.9410209656
   5.0015869141  52.9610214233
   5.0015869141  52.9810218811
   5.0015869141  53.0010223389
   5.0015869141  53.0210227966
   5.0015869141  53.0410232544
   5.0015869141  53.0610237122
   5.0015869141  53.0810241699
   5.0015869141  53.1010246277
   5.0015869141  53.1210250854
   5.0015869141  53.1410255432
   5.0015869141  53.1610260010
   5.0015869141  53.1810264587
   5.0015869141  53.2010269165
   5.0015869141  53.2210273743
   5.0015869141  53.2410278320
   5.0015869141  53.2610282898
   5.0015869141  53.2810287476
   5.0015869141  53.3010292053
   5.0015869141  53.3210296631
   5.0015869141  53.3410301208
   5.0015869141  53.3610305786
   5.0015869141  53.3810310364
   5.0015869141  53.4010314941
   5.0015869141  53.4210319519
   5.0015869141  53.4410324097
   5.0015869141  53.4610328674
   5.0015869141  53.4810333252
   5.0015869141  53.5010337830
   5.0015869141  53.5210342407
   5.0015869141  53.5410346985
   5.0015869141  53.5610351562
   5.0015869141  53.5810356140
   5.0015869141  53.6010360718
   5.0015869141  53.6210365295
   5.0015869141  53.6410369873
   5.0015869141  53.6610374451
   5.0015869141  53.6810379028
   5.0015869141  53.7010383606
   5.0015869141  53.7210388184
   5.0015869141  53.7410392761
   5.0015869141  53.7610397339
   5.0015869141  53.7810401917
   5.0015869141  53.8010406494
   5.0015869141  53.8210411072
   5.0015869141  53.8410415649
   5.0015869141  53.8610420227
   5.0015869141  53.8810424805
   5.0015869141  53.9010429382
   5.0015869141  53.9210433960
   5.0015869141  53.9410438538
   5.0015869141  53.9610443115
   5.0015869141  53.9810447693
   5.0015869141  54.0010452271
   5.0015869141  54.0210456848
   5.0015869141  54.0410461426
   5.0015869141  54.0610466003
   5.0015869141  54.0810470581
   5.0015869141  54.1010475159
   5.0015869141  54.1210479736
   5.0015869141  54.1410484314
   5.0015869141  54.1610488892
   5.0015869141  54.1810493469
   5.0015869141  54.2010498047
   5.0015869141  54.2210502625
   5.0015869141  54.2410507202
   5.0015869141  54.2610511780
   5.0015869141  54.2810516357
   5.0015869141  54.3010520935
   5.0015869141  54.3210525513
   5.0015869141  54.3410530090
   5.0015869141  54.3610534668
   5.0015869141  54.3810539246
   5.0015869141  54.4010543823
   5.0015869141  54.4210548401
   5.0015869141  54.4410552979
   5.0015869141  54.4610557556
   5.0015869141  54.4810562134
   5.0015869141  54.5010566711
   5.0015869141  54.5210571289
   5.0015869141  54.5410575867
   5.0015869141  54.5610580444
   5.0015869141  54.5810585022
   5.0015869141  54.6010589600
   5.0015869141  54.6210594177
   5.0015869141  54.6410598755
   5.0015869141  54.6610603333
   5.0015869141  54.6810607910
   5.0015869141  54.7010612488
   5.0015869141  54.7210617065
   5.0015869141  54.7410621643
   5.0015869141  54.7610626221
   5.0015869141  54.7810630798
   5.0015869141  54.8010635376
   5.0015869141  54.8210639954
   5.0015869141  54.8410644531
   5.0015869141  54.8610649109
   5.0015869141  54.8810653687
   5.0015869141  54.9010658264
   5.0015869141  54.9210662842
   5.0015869141  54.9410667419
   5.0015869141  54.9610671997
   5.0015869141  54.9810676575
   5.0015869141  55.0010681152
   5.0015869141  55.0210685730
   5.0015869141  55.0410690308
   5.0015869141  55.0610694885
   5.0015869141  55.0810699463
   5.0015869141  55.1010704041
   5.0015869141  55.1210708618
   5.0015869141  55.1410713196
   5.0015869141  55.1610717773
   5.0015869141  55.1810722351
   5.0015869141  55.2010726929
   5.0015869141  55.2210731506
   5.0015869141  55.2410736084
   5.0015869141  55.2610740662
   5.0015869141  55.2810745239
   5.0015869141  55.3010749817
   5.0015869141  55.3210754395
   5.0015869141  55.3410758972
   5.0015869141  55.3610763550
   5.0015869141  55.3810768127
   5.0015869141  55.4010772705
   5.0015869141  55.4210777283
   5.0015869141  55.4410781860
   5.0015869141  55.4610786438
   5.0015869141  55.4810791016
   5.0015869141  55.5010795593
   5.0015869141  55.5210800171
   5.0015869141  55.5410804749
   5.0015869141  55.5610809326
   5.0015869141  55.5810813904
   5.0015869141  55.6010818481
   5.0015869141  55.6210823059
   5.0015869141  55.6410827637
   5.0015869141  55.6610832214
   5.0015869141  55.6810836792
   5.0015869141  55.7010841370
   5.0015869141  55.7210845947
   5.0015869141  55.7410850525
   5.0015869141  55.7610855103
   5.0015869141  55.7810859680
   5.0015869141  55.8010864258
   5.0015869141  55.8210868835
   5.0015869141  55.8410873413
   5.0015869141  55.8610877991
   5.0015869141  55.8810882568
   5.0015869141  55.9010887146
   5.0015869141  55.9210891724
   5.0015869141  55.9410896301
   5.0015869141  55.9610900879
   5.0015869141  55.9810905457
   5.0015869141  56.0010910034
   5.0015869141  56.0210914612
   5.0015869141  56.0410919189
   5.0015869141  56.0610923767
   5.0015869141  56.0810928345
   5.0015869141  56.1010932922
   5.0015869141  56.1210937500
   5.0015869141  56.1410942078
   5.0015869141  56.1610946655
   5.0015869141  56.1810951233
   5.0015869141  56.2010955811
   5.0015869141  56.2210960388
   5.0015869141  56.2410964966
   5.0015869141  56.2610969543
   5.0015869141  56.2810974121
   5.0015869141  56.3010978699
   5.0015869141  56.3210983276
   5.0015869141  56.3410987854
   5.0015869141  56.3610992432
   5.0015869141  56.3810997009
   5.0015869141  56.4011001587
   5.0015869141  56.4211006165
   5.0015869141  56.4411010742
   5.0015869141  56.4611015320
   5.0015869141  56.4811019897
   5.0015869141  56.5011024475
   5.0015869141  56.5211029053
   5.0015869141  56.5411033630
   5.0015869141  56.5611038208
   5.0015869141  56.5811042786
   5.0015869141  56.6011047363
   5.0015869141  56.6211051941
   5.0015869141  56.6411056519
   5.0015869141  56.6611061096
   5.0015869141  56.6811065674
   5.0015869141  56.7011070251
   5.0015869141  56.7211074829
   5.0015869141  56.7411079407
   5.0015869141  56.7611083984
   5.0015869141  56.7811088562
   5.0015869141  56.8011093140
   5.0015869141  56.8211097717
   5.0015869141  56.8411102295
   5.0015869141  56.8611106873
   5.0015869141  56.8811111450
   5.0015869141  56.9011116028
   5.0015869141  56.9211120605
   5.0015869141  56.9411125183
   5.0015869141  56.9611129761
   5.0015869141  56.9811134338
   5.0015869141  57.0011138916
   5.0015869141  57.0211143494
   5.0015869141  57.0411148071
   5.0015869141  57.0611152649
   5.0015869141  57.0811157227
   5.0015869141  57.1011161804
   5.0015869141  57.1211166382
   5.0015869141  57.1411170959
   5.0015869141  57.1611175537
   5.0015869141  57.1811180115
   5.0015869141  57.2011184692
   5.0015869141  57.2211189270
   5.0015869141  57.2411193848
   5.0015869141  57.2611198425
   5.0015869141  57.2811203003
   5.0015869141  57.3011207581
   5.0015869141  57.3211212158
   5.0015869141  57.3411216736
   5.0015869141  57.3611221313
   5.0015869141  57.3811225891
   5.0015869141  57.4011230469
   5.0015869141  57.4211235046
   5.0015869141  57.4411239624
   5.0015869141  57.4611244202
   5.0015869141  57.4811248779
   5.0015869141  57.5011253357
   5.0015869141  57.5211257935
   5.0015869141  57.5411262512
   5.0015869141  57.5611267090
   5.0015869141  57.5811271667
   5.0015869141  57.6011276245
   5.0015869141  57.6211280823
   5.0015869141  57.6411285400
   5.0015869141  57.6611289978
   5.0015869141  57.6811294556
   5.0015869141  57.7011299133
   5.0015869141  57.7211303711
   5.0015869141  57.7411308289
   5.0015869141  57.7611312866
   5.0015869141  57.7811317444
   5.0015869141  57.8011322021
   5.0015869141  57.8211326599
   5.0015869141  57.8411331177
   5.0015869141  57.8611335754
   5.0015869141  57.8811340332
   5.0015869141  57.9011344910
   5.0015869141  57.9211349487
   5.0015869141  57.9411354065
   5.0015869141  57.9611358643
   5.0015869141  57.9811363220
   5.0015869141  58.0011367798
   5.0015869141  58.0211372375
   5.0015869141  58.0411376953
   5.0015869141  58.0611381531
   5.0015869141  58.0811386108
   5.0015869141  58.1011390686
   5.0015869141  58.1211395264
   5.0015869141  58.1411399841
   5.0015869141  58.1611404419
   5.0015869141  58.1811408997
   5.0015869141  58.2011413574
   5.0015869141  58.2211418152
   5.0015869141  58.2411422729
   5.0015869141  58.2611427307
   5.0015869141  58.2811431885
   5.0015869141  58.3011436462
   5.0015869141  58.3211441040
   5.0015869141  58.3411445618
   5.0015869141  58.3611450195
   5.0015869141  58.3811454773
   5.0015869141  58.4011459351
   5.0015869141  58.4211463928
   5.0015869141  58.4411468506
   5.0015869141  58.4611473083
   5.0015869141  58.4811477661
   5.0015869141  58.5011482239
   5.0015869141  58.5211486816
   5.0015869141  58.5411491394
   5.0015869141  58.5611495972
   5.0015869141  58.5811500549
   5.0015869141  58.6011505127
   5.0015869141  58.6211509705
   5.0015869141  58.6411514282
   5.0015869141  58.6611518860
   5.0015869141  58.6811523438
   5.0015869141  58.7011528015
   5.0015869141  58.7211532593
   5.0015869141  58.7411537170
   5.0015869141  58.7611541748
   5.0015869141  58.7811546326
   5.0015869141  58.8011550903
   5.0015869141  58.8211555481
   5.0015869141  58.8411560059
   5.0015869141  58.8611564636
   5.0015869141  58.8811569214
   5.0015869141  58.9011573792
   5.0015869141  58.9211578369
   5.0015869141  58.9411582947
   5.0015869141  58.9611587524
   5.0015869141  58.9811592102
   5.0015869141  59.0011596680
   5.0015869141  59.0211601257
   5.0015869141  59.0411605835
   5.0015869141  59.0611610413
   5.0015869141  59.0811614990
   5.0015869141  59.1011619568
   5.0015869141  59.1211624146
   5.0015869141  59.1411628723
   5.0015869141  59.1611633301
   5.0015869141  59.1811637878
   5.0015869141  59.2011642456
   5.0015869141  59.2211647034
   5.0015869141  59.2411651611
   5.0015869141  59.2611656189
   5.0015869141  59.2811660767
   5.0015869141  59.3011665344
   5.0015869141  59.3211669922
   5.0015869141  59.3411674500
   5.0015869141  59.3611679077
   5.0015869141  59.3811683655
   5.0015869141  59.4011688232
   5.0015869141  59.4211692810
   5.0015869141  59.4411697388
   5.0015869141  59.4611701965
   5.0015869141  59.4811706543
   5.0015869141  59.5011711121
   5.0015869141  59.5211715698
   5.0015869141  59.5411720276
   5.0015869141  59.5611724854
   5.0015869141  59.5811729431
   5.0015869141  59.6011734009
   5.0015869141  59.6211738586
   5.0015869141  59.6411743164
   5.0015869141  59.6611747742
   5.0015869141  59.6811752319
   5.0015869141  59.7011756897
   5.0015869141  59.7211761475
   5.0015869141  59.7411766052
   5.0015869141  59.7611770630
   5.0015869141  59.7811775208
   5.0015869141  59.8011779785
   5.0015869141  59.8211784363
   5.0015869141  59.8411788940
   5.0015869141  59.8611793518
   5.0015869141  59.8811798096
   5.0015869141  59.9011802673
   5.0015869141  59.9211807251
   5.0015869141  59.9411811829
   5.0015869141  59.9611816406
   5.0015869141  59.9811820984
   5.0015869141  60.0011825562
