   0.0000000000   0.0000000000
   0.0078480002   0.0199999996
   0.0156958979   0.0399999991
   0.0235435665   0.0599999987
   0.0313908979   0.0799999982
   0.0392377973   0.0999999940
   0.0470841676   0.1199999899
   0.0549299195   0.1399999857
   0.0627749637   0.1599999815
   0.0706192181   0.1799999774
   0.0784626007   0.1999999732
   0.0863050222   0.2199999690
   0.0941464081   0.2399999648
   0.1019866765   0.2599999607
   0.1098257452   0.2799999714
   0.1176635325   0.2999999821
   0.1254999638   0.3199999928
   0.1333349645   0.3400000036
   0.1411684453   0.3600000143
   0.1490003467   0.3800000250
   0.1568305790   0.4000000358
   0.1646590680   0.4200000465
   0.1724857539   0.4400000572
   0.1803105474   0.4600000679
   0.1881333739   0.4800000787
   0.1959541589   0.5000000596
   0.2037728280   0.5200000405
   0.2115893215   0.5400000215
   0.2194035500   0.5600000024
   0.2272154391   0.5799999833
   0.2350249290   0.5999999642
   0.2428319454   0.6199999452
   0.2506363988   0.6399999261
   0.2584382296   0.6599999070
   0.2662373781   0.6799998879
   0.2740337551   0.6999998689
   0.2818273008   0.7199998498
   0.2896179557   0.7399998307
   0.2974056304   0.7599998116
   0.3051902354   0.7799997926
   0.3129717410   0.7999997735
   0.3207500577   0.8199997544
   0.3285251260   0.8399997354
   0.3362968564   0.8599997163
   0.3440651894   0.8799996972
   0.3518300653   0.8999996781
   0.3595913947   0.9199996591
   0.3673491180   0.9399996400
   0.3751031756   0.9599996209
   0.3828534782   0.9799996018
   0.3905999660   0.9999995828
   0.3983425796   1.0199996233
   0.4060812593   1.0399996042
   0.4138159156   1.0599995852
   0.4215464890   1.0799995661
   0.4292729199   1.0999995470
   0.4369951487   1.1199995279
   0.4447130859   1.1399995089
   0.4524266720   1.1599994898
   0.4601358473   1.1799994707
   0.4678405523   1.1999994516
   0.4755406976   1.2199994326
   0.4832362235   1.2399994135
   0.4909270704   1.2599993944
   0.4986131787   1.2799993753
   0.5062944889   1.2999993563
   0.5139709115   1.3199993372
   0.5216423869   1.3399993181
   0.5293088555   1.3599992990
   0.5369702578   1.3799992800
   0.5446265340   1.3999992609
   0.5522776246   1.4199992418
   0.5599234700   1.4399992228
   0.5675639510   1.4599992037
   0.5751990676   1.4799991846
   0.5828287601   1.4999991655
   0.5904529095   1.5199991465
   0.5980715156   1.5399991274
   0.6056844592   1.5599991083
   0.6132916808   1.5799990892
   0.6208931804   1.5999990702
   0.6284888387   1.6199990511
   0.6360785961   1.6399990320
   0.6436623931   1.6599990129
   0.6512402296   1.6799989939
   0.6588119864   1.6999989748
   0.6663776040   1.7199989557
   0.6739370227   1.7399989367
   0.6814901829   1.7599989176
   0.6890370250   1.7799988985
   0.6965774894   1.7999988794
   0.7041115761   1.8199988604
   0.7116391659   1.8399988413
   0.7191601992   1.8599988222
   0.7266746163   1.8799988031
   0.7341823578   1.8999987841
   0.7416833639   1.9199987650
   0.7491776347   1.9399987459
   0.7566650510   1.9599987268
   0.7641455531   1.9799987078
   0.7716190815   1.9999986887
   0.7790856361   2.0199987888
   0.7865450978   2.0399987698
   0.7939974666   2.0599987507
   0.8014426231   2.0799987316
   0.8088805676   2.0999987125
   0.8163111806   2.1199986935
   0.8237344623   2.1399986744
   0.8311503530   2.1599986553
   0.8385587335   2.1799986362
   0.8459596038   2.1999986172
   0.8533529043   2.2199985981
   0.8607385755   2.2399985790
   0.8681166172   2.2599985600
   0.8754869103   2.2799985409
   0.8828493953   2.2999985218
   0.8902040720   2.3199985027
   0.8975508213   2.3399984837
   0.9048896432   2.3599984646
   0.9122204781   2.3799984455
   0.9195432663   2.3999984264
   0.9268579483   2.4199984074
   0.9341644645   2.4399983883
   0.9414627552   2.4599983692
   0.9487528205   2.4799983501
   0.9560345411   2.4999983311
   0.9633079171   2.5199983120
   0.9705728889   2.5399982929
   0.9778293967   2.5599982738
   0.9850773811   2.5799982548
   0.9923168421   2.5999982357
   0.9995476604   2.6199982166
   1.0067697763   2.6399981976
   1.0139832497   2.6599981785
   1.0211879015   2.6799981594
   1.0283838511   2.6999981403
   1.0355708599   2.7199981213
   1.0427490473   2.7399981022
   1.0499182940   2.7599980831
   1.0570784807   2.7799980640
   1.0642296076   2.7999980450
   1.0713716745   2.8199980259
   1.0785046816   2.8399980068
   1.0856285095   2.8599979877
   1.0927430391   2.8799979687
   1.0998482704   2.8999979496
   1.1069442034   2.9199979305
   1.1140308380   2.9399979115
   1.1211080551   2.9599978924
   1.1281758547   2.9799978733
   1.1352341175   2.9999978542
   1.1422828436   3.0199978352
   1.1493220329   3.0399978161
   1.1563515663   3.0599977970
   1.1633714437   3.0799977779
   1.1703815460   3.0999977589
   1.1773819923   3.1199977398
   1.1843725443   3.1399977207
   1.1913533211   3.1599977016
   1.1983242035   3.1799976826
   1.2052851915   3.1999976635
   1.2122361660   3.2199976444
   1.2191772461   3.2399976254
   1.2261081934   3.2599976063
   1.2330291271   3.2799975872
   1.2399399281   3.2999975681
   1.2468405962   3.3199975491
   1.2537310123   3.3399975300
   1.2606111765   3.3599975109
   1.2674810886   3.3799974918
   1.2743407488   3.3999974728
   1.2811900377   3.4199974537
   1.2880289555   3.4399974346
   1.2948573828   3.4599974155
   1.3016754389   3.4799973965
   1.3084830046   3.4999973774
   1.3152799606   3.5199973583
   1.3220664263   3.5399973392
   1.3288422823   3.5599973202
   1.3356074095   3.5799973011
   1.3423619270   3.5999972820
   1.3491057158   3.6199972630
   1.3558387756   3.6399972439
   1.3625611067   3.6599972248
   1.3692725897   3.6799972057
   1.3759732246   3.6999971867
   1.3826630116   3.7199971676
   1.3893418312   3.7399971485
   1.3960096836   3.7599971294
   1.4026665688   3.7799971104
   1.4093124866   3.7999970913
   1.4159473181   3.8199970722
   1.4225710630   3.8399970531
   1.4291837215   3.8599970341
   1.4357852936   3.8799970150
   1.4423756599   3.8999969959
   1.4489548206   3.9199969769
   1.4555227757   3.9399969578
   1.4620795250   3.9599969387
   1.4686249495   3.9799969196
   1.4751590490   3.9999969006
   1.4816818237   4.0199971199
   1.4881932735   4.0399971008
   1.4946932793   4.0599970818
   1.5011819601   4.0799970627
   1.5076591969   4.0999970436
   1.5141248703   4.1199970245
   1.5205790997   4.1399970055
   1.5270217657   4.1599969864
   1.5334528685   4.1799969673
   1.5398724079   4.1999969482
   1.5462803841   4.2199969292
   1.5526766777   4.2399969101
   1.5590612888   4.2599968910
   1.5654342175   4.2799968719
   1.5717954636   4.2999968529
   1.5781449080   4.3199968338
   1.5844826698   4.3399968147
   1.5908086300   4.3599967957
   1.5971227884   4.3799967766
   1.6034251451   4.3999967575
   1.6097155809   4.4199967384
   1.6159942150   4.4399967194
   1.6222609282   4.4599967003
   1.6285157204   4.4799966812
   1.6347585917   4.4999966621
   1.6409895420   4.5199966431
   1.6472084522   4.5399966240
   1.6534154415   4.5599966049
   1.6596103907   4.5799965858
   1.6657932997   4.5999965668
   1.6719641685   4.6199965477
   1.6781228781   4.6399965286
   1.6842695475   4.6599965096
   1.6904040575   4.6799964905
   1.6965264082   4.6999964714
   1.7026365995   4.7199964523
   1.7087346315   4.7399964333
   1.7148205042   4.7599964142
   1.7208942175   4.7799963951
   1.7269556522   4.7999963760
   1.7330049276   4.8199963570
   1.7390419245   4.8399963379
   1.7450666428   4.8599963188
   1.7510790825   4.8799962997
   1.7570791245   4.8999962807
   1.7630668879   4.9199962616
   1.7690423727   4.9399962425
   1.7750054598   4.9599962234
   1.7809561491   4.9799962044
   1.7868944407   4.9999961853
   1.7928204536   5.0199961662
   1.7987339497   5.0399961472
   1.8046350479   5.0599961281
   1.8105237484   5.0799961090
   1.8164000511   5.0999960899
   1.8222638369   5.1199960709
   1.8281151056   5.1399960518
   1.8339539766   5.1599960327
   1.8397803307   5.1799960136
   1.8455941677   5.1999959946
   1.8513954878   5.2199959755
   1.8571842909   5.2399959564
   1.8629605770   5.2599959373
   1.8687242270   5.2799959183
   1.8744753599   5.2999958992
   1.8802139759   5.3199958801
   1.8859399557   5.3399958611
   1.8916534185   5.3599958420
   1.8973542452   5.3799958229
   1.9030424356   5.3999958038
   1.9087179899   5.4199957848
   1.9143809080   5.4399957657
   1.9200311899   5.4599957466
   1.9256688356   5.4799957275
   1.9312938452   5.4999957085
   1.9369062185   5.5199956894
   1.9425059557   5.5399956703
   1.9480930567   5.5599956512
   1.9536674023   5.5799956322
   1.9592291117   5.5999956131
   1.9647781849   5.6199955940
   1.9703145027   5.6399955750
   1.9758381844   5.6599955559
   1.9813491106   5.6799955368
   1.9868472815   5.6999955177
   1.9923328161   5.7199954987
   1.9978055954   5.7399954796
   2.0032656193   5.7599954605
   2.0087130070   5.7799954414
   2.0141475201   5.7999954224
   2.0195693970   5.8199954033
   2.0249786377   5.8399953842
   2.0303750038   5.8599953651
   2.0357587337   5.8799953461
   2.0411295891   5.8999953270
   2.0464878082   5.9199953079
   2.0518331528   5.9399952888
   2.0571658611   5.9599952698
   2.0624856949   5.9799952507
   2.0677928925   5.9999952316
   2.0730872154   6.0199952126
   2.0783689022   6.0399951935
   2.0836377144   6.0599951744
   2.0888938904   6.0799951553
   2.0941371918   6.0999951363
   2.0993678570   6.1199951172
   2.1045856476   6.1399950981
   2.1097908020   6.1599950790
   2.1149830818   6.1799950600
   2.1201627254   6.1999950409
   2.1253294945   6.2199950218
   2.1304836273   6.2399950027
   2.1356248856   6.2599949837
   2.1407535076   6.2799949646
   2.1458692551   6.2999949455
   2.1509723663   6.3199949265
   2.1560628414   6.3399949074
   2.1611404419   6.3599948883
   2.1662054062   6.3799948692
   2.1712574959   6.3999948502
   2.1762969494   6.4199948311
   2.1813237667   6.4399948120
   2.1863377094   6.4599947929
   2.1913390160   6.4799947739
   2.1963274479   6.4999947548
   2.2013032436   6.5199947357
   2.2062664032   6.5399947166
   2.2112169266   6.5599946976
   2.2161545753   6.5799946785
   2.2210795879   6.5999946594
   2.2259919643   6.6199946404
   2.2308917046   6.6399946213
   2.2357788086   6.6599946022
   2.2406530380   6.6799945831
   2.2455146313   6.6999945641
   2.2503635883   6.7199945450
   2.2551999092   6.7399945259
   2.2600235939   6.7599945068
   2.2648346424   6.7799944878
   2.2696330547   6.7999944687
   2.2744188309   6.8199944496
   2.2791919708   6.8399944305
   2.2839524746   6.8599944115
   2.2887005806   6.8799943924
   2.2934360504   6.8999943733
   2.2981588840   6.9199943542
   2.3028690815   6.9399943352
   2.3075668812   6.9599943161
   2.3122520447   6.9799942970
   2.3169245720   6.9999942780
   2.3215847015   7.0199942589
   2.3262321949   7.0399942398
   2.3308672905   7.0599942207
   2.3354897499   7.0799942017
   2.3400998116   7.0999941826
   2.3446972370   7.1199941635
   2.3492822647   7.1399941444
   2.3538548946   7.1599941254
   2.3584148884   7.1799941063
   2.3629624844   7.1999940872
   2.3674976826   7.2199940681
   2.3720204830   7.2399940491
   2.3765308857   7.2599940300
   2.3810288906   7.2799940109
   2.3855144978   7.2999939919
   2.3899877071   7.3199939728
   2.3944485188   7.3399939537
   2.3988969326   7.3599939346
   2.4033329487   7.3799939156
   2.4077565670   7.3999938965
   2.4121680260   7.4199938774
   2.4165670872   7.4399938583
   2.4209539890   7.4599938393
   2.4253284931   7.4799938202
   2.4296905994   7.4999938011
   2.4340405464   7.5199937820
   2.4383783340   7.5399937630
   2.4427037239   7.5599937439
   2.4470169544   7.5799937248
   2.4513180256   7.5999937057
   2.4556069374   7.6199936867
   2.4598836899   7.6399936676
   2.4641482830   7.6599936485
   2.4684007168   7.6799936295
   2.4726409912   7.6999936104
   2.4768691063   7.7199935913
   2.4810850620   7.7399935722
   2.4852888584   7.7599935532
   2.4894807339   7.7799935341
   2.4936604500   7.7999935150
   2.4978282452   7.8199934959
   2.5019838810   7.8399934769
   2.5061275959   7.8599934578
   2.5102591515   7.8799934387
   2.5143787861   7.8999934196
   2.5184864998   7.9199934006
   2.5225822926   7.9399933815
   2.5266661644   7.9599933624
   2.5307381153   7.9799933434
   2.5347981453   7.9999933243
   2.5388462543   8.0199937820
   2.5428824425   8.0399942398
   2.5469067097   8.0599946976
   2.5509192944   8.0799951553
   2.5549199581   8.0999956131
   2.5589089394   8.1199960709
   2.5628859997   8.1399965286
   2.5668513775   8.1599969864
   2.5708048344   8.1799974442
   2.5747466087   8.1999979019
   2.5786767006   8.2199983597
   2.5825951099   8.2399988174
   2.5865018368   8.2599992752
   2.5903968811   8.2799997330
   2.5942802429   8.3000001907
   2.5981519222   8.3200006485
   2.6020121574   8.3400011063
   2.6058607101   8.3600015640
   2.6096975803   8.3800020218
   2.6135230064   8.4000024796
   2.6173367500   8.4200029373
   2.6211390495   8.4400033951
   2.6249299049   8.4600038528
   2.6287093163   8.4800043106
   2.6324772835   8.5000047684
   2.6362335682   8.5200052261
   2.6399786472   8.5400056839
   2.6437122822   8.5600061417
   2.6474344730   8.5800065994
   2.6511452198   8.6000070572
   2.6548447609   8.6200075150
   2.6585328579   8.6400079727
   2.6622097492   8.6600084305
   2.6658751965   8.6800088882
   2.6695294380   8.7000093460
   2.6731724739   8.7200098038
   2.6768043041   8.7400102615
   2.6804246902   8.7600107193
   2.6840341091   8.7800111771
   2.6876323223   8.8000116348
   2.6912193298   8.8200120926
   2.6947951317   8.8400125504
   2.6983599663   8.8600130081
   2.7019135952   8.8800134659
   2.7054562569   8.9000139236
   2.7089877129   8.9200143814
   2.7125082016   8.9400148392
   2.7160177231   8.9600152969
   2.7195162773   8.9800157547
   2.7230038643   9.0000162125
   2.7264804840   9.0200166702
   2.7299461365   9.0400171280
   2.7334008217   9.0600175858
   2.7368445396   9.0800180435
   2.7402775288   9.1000185013
   2.7436995506   9.1200189590
   2.7471108437   9.1400194168
   2.7505111694   9.1600198746
   2.7539007664   9.1800203323
   2.7572796345   9.2000207901
   2.7606477737   9.2200212479
   2.7640051842   9.2400217056
   2.7673518658   9.2600221634
   2.7706878185   9.2800226212
   2.7740132809   9.3000230789
   2.7773280144   9.3200235367
   2.7806322575   9.3400239944
   2.7839257717   9.3600244522
   2.7872087955   9.3800249100
   2.7904813290   9.4000253677
   2.7937431335   9.4200258255
   2.7969944477   9.4400262833
   2.8002352715   9.4600267410
   2.8034658432   9.4800271988
   2.8066859245   9.5000276566
   2.8098955154   9.5200281143
   2.8130946159   9.5400285721
   2.8162834644   9.5600290298
   2.8194620609   9.5800294876
   2.8226301670   9.6000299454
   2.8257880211   9.6200304031
   2.8289356232   9.6400308609
   2.8320729733   9.6600313187
   2.8352000713   9.6800317764
   2.8383169174   9.7000322342
   2.8414235115   9.7200326920
   2.8445200920   9.7400331497
   2.8476064205   9.7600336075
   2.8506827354   9.7800340652
   2.8537487984   9.8000345230
   2.8568048477   9.8200349808
   2.8598508835   9.8400354385
   2.8628869057   9.8600358963
   2.8659129143   9.8800363541
   2.8689289093   9.9000368118
   2.8719348907   9.9200372696
   2.8749308586   9.9400377274
   2.8779170513   9.9600381851
   2.8808932304   9.9800386429
   2.8838596344  10.0000391006
   2.8868160248  10.0200395584
   2.8897626400  10.0400400162
   2.8926994801  10.0600404739
   2.8956265450  10.0800409317
   2.8985438347  10.1000413895
   2.9014513493  10.1200418472
   2.9043490887  10.1400423050
   2.9072372913  10.1600427628
   2.9101157188  10.1800432205
   2.9129846096  10.2000436783
   2.9158437252  10.2200441360
   2.9186933041  10.2400445938
   2.9215333462  10.2600450516
   2.9243638515  10.2800455093
   2.9271848202  10.3000459671
   2.9299962521  10.3200464249
   2.9327981472  10.3400468826
   2.9355907440  10.3600473404
   2.9383738041  10.3800477982
   2.9411475658  10.4000482559
   2.9439117908  10.4200487137
   2.9466667175  10.4400491714
   2.9494123459  10.4600496292
   2.9521486759  10.4800500870
   2.9548757076  10.5000505447
   2.9575934410  10.5200510025
   2.9603018761  10.5400514603
   2.9630010128  10.5600519180
   2.9656910896  10.5800523758
   2.9683718681  10.6000528336
   2.9710435867  10.6200532913
   2.9737060070  10.6400537491
   2.9763593674  10.6600542068
   2.9790036678  10.6800546646
   2.9816389084  10.7000551224
   2.9842650890  10.7200555801
   2.9868822098  10.7400560379
   2.9894902706  10.7600564957
   2.9920895100  10.7800569534
   2.9946796894  10.8000574112
   2.9972610474  10.8200578690
   2.9998333454  10.8400583267
   3.0023968220  10.8600587845
   3.0049514771  10.8800592422
   3.0074973106  10.9000597000
   3.0100343227  10.9200601578
   3.0125625134  10.9400606155
   3.0150818825  10.9600610733
   3.0175926685  10.9800615311
   3.0200946331  11.0000619888
   3.0225880146  11.0200624466
   3.0250725746  11.0400629044
   3.0275485516  11.0600633621
   3.0300159454  11.0800638199
   3.0324747562  11.1000642776
   3.0349249840  11.1200647354
   3.0373666286  11.1400651932
   3.0397996902  11.1600656509
   3.0422244072  11.1800661087
   3.0446405411  11.2000665665
   3.0470480919  11.2200670242
   3.0494472980  11.2400674820
   3.0518381596  11.2600679398
   3.0542206764  11.2800683975
   3.0565946102  11.3000688553
   3.0589601994  11.3200693130
   3.0613176823  11.3400697708
   3.0636668205  11.3600702286
   3.0660076141  11.3800706863
   3.0683400631  11.4000711441
   3.0706644058  11.4200716019
   3.0729804039  11.4400720596
   3.0752882957  11.4600725174
   3.0775880814  11.4800729752
   3.0798797607  11.5000734329
   3.0821633339  11.5200738907
   3.0844388008  11.5400743484
   3.0867061615  11.5600748062
   3.0889654160  11.5800752640
   3.0912165642  11.6000757217
   3.0934598446  11.6200761795
   3.0956950188  11.6400766373
   3.0979223251  11.6600770950
   3.1001417637  11.6800775528
   3.1023533344  11.7000780106
   3.1045567989  11.7200784683
   3.1067523956  11.7400789261
   3.1089403629  11.7600793839
   3.1111204624  11.7800798416
   3.1132926941  11.8000802994
   3.1154570580  11.8200807571
   3.1176137924  11.8400812149
   3.1197628975  11.8600816727
   3.1219041348  11.8800821304
   3.1240377426  11.9000825882
   3.1261637211  11.9200830460
   3.1282820702  11.9400835037
   3.1303927898  11.9600839615
   3.1324958801  11.9800844193
   3.1345913410  12.0000848770
   3.1366794109  12.0200853348
   3.1387598515  12.0400857925
   3.1408326626  12.0600862503
   3.1428980827  12.0800867081
   3.1449561119  12.1000871658
   3.1470067501  12.1200876236
   3.1490497589  12.1400880814
   3.1510853767  12.1600885391
   3.1531138420  12.1800889969
   3.1551349163  12.2000894547
   3.1571485996  12.2200899124
   3.1591548920  12.2400903702
   3.1611540318  12.2600908279
   3.1631457806  12.2800912857
   3.1651303768  12.3000917435
   3.1671078205  12.3200922012
   3.1690778732  12.3400926590
   3.1710407734  12.3600931168
   3.1729965210  12.3800935745
   3.1749451160  12.4000940323
   3.1768867970  12.4200944901
   3.1788213253  12.4400949478
   3.1807487011  12.4600954056
   3.1826691628  12.4800958633
   3.1845824718  12.5000963211
   3.1864888668  12.5200967789
   3.1883883476  12.5400972366
   3.1902806759  12.5600976944
   3.1921660900  12.5800981522
   3.1940445900  12.6000986099
   3.1959161758  12.6200990677
   3.1977808475  12.6400995255
   3.1996388435  12.6600999832
   3.2014899254  12.6801004410
   3.2033343315  12.7001008987
   3.2051718235  12.7201013565
   3.2070026398  12.7401018143
   3.2088265419  12.7601022720
   3.2106437683  12.7801027298
   3.2124543190  12.8001031876
   3.2142581940  12.8201036453
   3.2160553932  12.8401041031
   3.2178459167  12.8601045609
   3.2196297646  12.8801050186
   3.2214071751  12.9001054764
   3.2231779099  12.9201059341
   3.2249422073  12.9401063919
   3.2266998291  12.9601068497
   3.2284510136  12.9801073074
   3.2301957607  13.0001077652
   3.2319340706  13.0201082230
   3.2336657047  13.0401086807
   3.2353911400  13.0601091385
   3.2371101379  13.0801095963
   3.2388226986  13.1001100540
   3.2405288219  13.1201105118
   3.2422285080  13.1401109695
   3.2439219952  13.1601114273
   3.2456090450  13.1801118851
   3.2472898960  13.2001123428
   3.2489645481  13.2201128006
   3.2506330013  13.2401132584
   3.2522950172  13.2601137161
   3.2539508343  13.2801141739
   3.2556004524  13.3001146317
   3.2572441101  13.3201150894
   3.2588815689  13.3401155472
   3.2605128288  13.3601160049
   3.2621378899  13.3801164627
   3.2637569904  13.4001169205
   3.2653698921  13.4201173782
   3.2669768333  13.4401178360
   3.2685778141  13.4601182938
   3.2701728344  13.4801187515
   3.2717616558  13.5001192093
   3.2733445168  13.5201196671
   3.2749214172  13.5401201248
   3.2764925957  13.5601205826
   3.2780578136  13.5801210403
   3.2796170712  13.6001214981
   3.2811703682  13.6201219559
   3.2827179432  13.6401224136
   3.2842595577  13.6601228714
   3.2857954502  13.6801233292
   3.2873256207  13.7001237869
   3.2888498306  13.7201242447
   3.2903683186  13.7401247025
   3.2918810844  13.7601251602
   3.2933881283  13.7801256180
   3.2948894501  13.8001260757
   3.2963850498  13.8201265335
   3.2978751659  13.8401269913
   3.2993595600  13.8601274490
   3.3008382320  13.8801279068
   3.3023114204  13.9001283646
   3.3037791252  13.9201288223
   3.3052411079  13.9401292801
   3.3066976070  13.9601297379
   3.3081486225  13.9801301956
   3.3095941544  14.0001306534
   3.3110342026  14.0201311111
   3.3124687672  14.0401315689
   3.3138978481  14.0601320267
   3.3153214455  14.0801324844
   3.3167395592  14.1001329422
   3.3181524277  14.1201334000
   3.3195598125  14.1401338577
   3.3209617138  14.1601343155
   3.3223583698  14.1801347733
   3.3237497807  14.2001352310
   3.3251357079  14.2201356888
   3.3265163898  14.2401361465
   3.3278918266  14.2601366043
   3.3292620182  14.2801370621
   3.3306269646  14.3001375198
   3.3319866657  14.3201379776
   3.3333411217  14.3401384354
   3.3346905708  14.3601388931
   3.3360347748  14.3801393509
   3.3373737335  14.4001398087
   3.3387076855  14.4201402664
   3.3400363922  14.4401407242
   3.3413600922  14.4601411819
   3.3426787853  14.4801416397
   3.3439924717  14.5001420975
   3.3453009129  14.5201425552
   3.3466043472  14.5401430130
   3.3479027748  14.5601434708
   3.3491961956  14.5801439285
   3.3504846096  14.6001443863
   3.3517682552  14.6201448441
   3.3530468941  14.6401453018
   3.3543205261  14.6601457596
   3.3555893898  14.6801462173
   3.3568532467  14.7001466751
   3.3581123352  14.7201471329
   3.3593664169  14.7401475906
   3.3606157303  14.7601480484
   3.3618602753  14.7801485062
   3.3631000519  14.8001489639
   3.3643350601  14.8201494217
   3.3655653000  14.8401498795
   3.3667907715  14.8601503372
   3.3680114746  14.8801507950
   3.3692274094  14.9001512527
   3.3704385757  14.9201517105
   3.3716452122  14.9401521683
   3.3728470802  14.9601526260
   3.3740444183  14.9801530838
   3.3752369881  15.0001535416
   3.3764250278  15.0201539993
   3.3776085377  15.0401544571
   3.3787872791  15.0601549149
   3.3799614906  15.0801553726
   3.3811311722  15.1001558304
   3.3822963238  15.1201562881
   3.3834569454  15.1401567459
   3.3846130371  15.1601572037
   3.3857645988  15.1801576614
   3.3869118690  15.2001581192
   3.3880546093  15.2201585770
   3.3891928196  15.2401590347
   3.3903267384  15.2601594925
   3.3914561272  15.2801599503
   3.3925812244  15.3001604080
   3.3937017918  15.3201608658
   3.3948180676  15.3401613235
   3.3959300518  15.3601617813
   3.3970377445  15.3801622391
   3.3981409073  15.4001626968
   3.3992397785  15.4201631546
   3.4003343582  15.4401636124
   3.4014248848  15.4601640701
   3.4025111198  15.4801645279
   3.4035930634  15.5001649857
   3.4046707153  15.5201654434
   3.4057440758  15.5401659012
   3.4068133831  15.5601663589
   3.4078783989  15.5801668167
   3.4089393616  15.6001672745
   3.4099960327  15.6201677322
   3.4110486507  15.6401681900
   3.4120972157  15.6601686478
   3.4131417274  15.6801691055
   3.4141819477  15.7001695633
   3.4152181149  15.7201700211
   3.4162502289  15.7401704788
   3.4172782898  15.7601709366
   3.4183022976  15.7801713943
   3.4193224907  15.8001718521
   3.4203386307  15.8201723099
   3.4213507175  15.8401727676
   3.4223587513  15.8601732254
   3.4233629704  15.8801736832
   3.4243631363  15.9001741409
   3.4253594875  15.9201745987
   3.4263517857  15.9401750565
   3.4273402691  15.9601755142
   3.4283249378  15.9801759720
   3.4293055534  16.0001754761
   3.4302823544  16.0201759338
   3.4312553406  16.0401763916
   3.4322245121  16.0601768494
   3.4331898689  16.0801773071
   3.4341514111  16.1001777649
   3.4351091385  16.1201782227
   3.4360630512  16.1401786804
   3.4370133877  16.1601791382
   3.4379599094  16.1801795959
   3.4389026165  16.2001800537
   3.4398417473  16.2201805115
   3.4407770634  16.2401809692
   3.4417088032  16.2601814270
   3.4426367283  16.2801818848
   3.4435610771  16.3001823425
   3.4444816113  16.3201828003
   3.4453985691  16.3401832581
   3.4463119507  16.3601837158
   3.4472217560  16.3801841736
   3.4481279850  16.4001846313
   3.4490306377  16.4201850891
   3.4499297142  16.4401855469
   3.4508252144  16.4601860046
   3.4517171383  16.4801864624
   3.4526054859  16.5001869202
   3.4534902573  16.5201873779
   3.4543716908  16.5401878357
   3.4552495480  16.5601882935
   3.4561238289  16.5801887512
   3.4569947720  16.6001892090
   3.4578621387  16.6201896667
   3.4587261677  16.6401901245
   3.4595868587  16.6601905823
   3.4604439735  16.6801910400
   3.4612977505  16.7001914978
   3.4621481895  16.7201919556
   3.4629952908  16.7401924133
   3.4638390541  16.7601928711
   3.4646792412  16.7801933289
   3.4655160904  16.8001937866
   3.4663496017  16.8201942444
   3.4671800137  16.8401947021
   3.4680070877  16.8601951599
   3.4688308239  16.8801956177
   3.4696512222  16.9001960754
   3.4704682827  16.9201965332
   3.4712822437  16.9401969910
   3.4720928669  16.9601974487
   3.4729003906  16.9801979065
   3.4737045765  17.0001983643
   3.4745056629  17.0201988220
   3.4753034115  17.0401992798
   3.4760980606  17.0601997375
   3.4768896103  17.0802001953
   3.4776780605  17.1002006531
   3.4784631729  17.1202011108
   3.4792451859  17.1402015686
   3.4800240993  17.1602020264
   3.4807999134  17.1802024841
   3.4815726280  17.2002029419
   3.4823422432  17.2202033997
   3.4831087589  17.2402038574
   3.4838721752  17.2602043152
   3.4846327305  17.2802047729
   3.4853901863  17.3002052307
   3.4861445427  17.3202056885
   3.4868957996  17.3402061462
   3.4876441956  17.3602066040
   3.4883894920  17.3802070618
   3.4891319275  17.4002075195
   3.4898712635  17.4202079773
   3.4906077385  17.4402084351
   3.4913413525  17.4602088928
   3.4920718670  17.4802093506
   3.4927995205  17.5002098083
   3.4935243130  17.5202102661
   3.4942462444  17.5402107239
   3.4949650764  17.5602111816
   3.4956810474  17.5802116394
   3.4963941574  17.6002120972
   3.4971044064  17.6202125549
   3.4978117943  17.6402130127
   3.4985163212  17.6602134705
   3.4992182255  17.6802139282
   3.4999172688  17.7002143860
   3.5006134510  17.7202148438
   3.5013067722  17.7402153015
   3.5019974709  17.7602157593
   3.5026853085  17.7802162170
   3.5033702850  17.8002166748
   3.5040526390  17.8202171326
   3.5047321320  17.8402175903
   3.5054090023  17.8602180481
   3.5060830116  17.8802185059
   3.5067543983  17.9002189636
   3.5074231625  17.9202194214
   3.5080890656  17.9402198792
   3.5087523460  17.9602203369
   3.5094130039  17.9802207947
   3.5100710392  18.0002212524
   3.5107264519  18.0202217102
   3.5113792419  18.0402221680
   3.5120294094  18.0602226257
   3.5126769543  18.0802230835
   3.5133218765  18.1002235413
   3.5139641762  18.1202239990
   3.5146038532  18.1402244568
   3.5152409077  18.1602249146
   3.5158753395  18.1802253723
   3.5165073872  18.2002258301
   3.5171368122  18.2202262878
   3.5177636147  18.2402267456
   3.5183880329  18.2602272034
   3.5190098286  18.2802276611
   3.5196292400  18.3002281189
   3.5202460289  18.3202285767
   3.5208604336  18.3402290344
   3.5214722157  18.3602294922
   3.5220816135  18.3802299500
   3.5226886272  18.4002304077
   3.5232930183  18.4202308655
   3.5238950253  18.4402313232
   3.5244946480  18.4602317810
   3.5250918865  18.4802322388
   3.5256867409  18.5002326965
   3.5262792110  18.5202331543
   3.5268690586  18.5402336121
   3.5274565220  18.5602340698
   3.5280418396  18.5802345276
   3.5286247730  18.6002349854
   3.5292053223  18.6202354431
   3.5297834873  18.6402359009
   3.5303592682  18.6602363586
   3.5309326649  18.6802368164
   3.5315036774  18.7002372742
   3.5320725441  18.7202377319
   3.5326390266  18.7402381897
   3.5332033634  18.7602386475
   3.5337653160  18.7802391052
   3.5343248844  18.8002395630
   3.5348823071  18.8202400208
   3.5354373455  18.8402404785
   3.5359902382  18.8602409363
   3.5365409851  18.8802413940
   3.5370893478  18.9002418518
   3.5376355648  18.9202423096
   3.5381796360  18.9402427673
   3.5387213230  18.9602432251
   3.5392608643  18.9802436829
   3.5397982597  19.0002441406
   3.5403335094  19.0202445984
   3.5408666134  19.0402450562
   3.5413975716  19.0602455139
   3.5419261456  19.0802459717
   3.5424525738  19.1002464294
   3.5429770947  19.1202468872
   3.5434994698  19.1402473450
   3.5440196991  19.1602478027
   3.5445377827  19.1802482605
   3.5450537205  19.2002487183
   3.5455675125  19.2202491760
   3.5460791588  19.2402496338
   3.5465888977  19.2602500916
   3.5470964909  19.2802505493
   3.5476019382  19.3002510071
   3.5481054783  19.3202514648
   3.5486068726  19.3402519226
   3.5491063595  19.3602523804
   3.5496037006  19.3802528381
   3.5500991344  19.4002532959
   3.5505924225  19.4202537537
   3.5510838032  19.4402542114
   3.5515730381  19.4602546692
   3.5520603657  19.4802551270
   3.5525457859  19.5002555847
   3.5530290604  19.5202560425
   3.5535104275  19.5402565002
   3.5539898872  19.5602569580
   3.5544674397  19.5802574158
   3.5549428463  19.6002578735
   3.5554163456  19.6202583313
   3.5558879375  19.6402587891
   3.5563576221  19.6602592468
   3.5568253994  19.6802597046
   3.5572912693  19.7002601624
   3.5577552319  19.7202606201
   3.5582172871  19.7402610779
   3.5586774349  19.7602615356
   3.5591356754  19.7802619934
   3.5595922470  19.8002624512
   3.5600469112  19.8202629089
   3.5604996681  19.8402633667
   3.5609505177  19.8602638245
   3.5613996983  19.8802642822
   3.5618469715  19.9002647400
   3.5622923374  19.9202651978
   3.5627360344  19.9402656555
   3.5631778240  19.9602661133
   3.5636177063  19.9802665710
   3.5640559196  20.0002670288
   3.5644922256  20.0202674866
   3.5649268627  20.0402679443
   3.5653595924  20.0602684021
   3.5657906532  20.0802688599
   3.5662200451  20.1002693176
   3.5666475296  20.1202697754
   3.5670733452  20.1402702332
   3.5674974918  20.1602706909
   3.5679197311  20.1802711487
   3.5683403015  20.2002716064
   3.5687592030  20.2202720642
   3.5691764355  20.2402725220
   3.5695917606  20.2602729797
   3.5700054169  20.2802734375
   3.5704174042  20.3002738953
   3.5708277225  20.3202743530
   3.5712363720  20.3402748108
   3.5716433525  20.3602752686
   3.5720486641  20.3802757263
   3.5724523067  20.4002761841
   3.5728542805  20.4202766418
   3.5732545853  20.4402770996
   3.5736532211  20.4602775574
   3.5740504265  20.4802780151
   3.5744459629  20.5002784729
   3.5748398304  20.5202789307
   3.5752320290  20.5402793884
   3.5756225586  20.5602798462
   3.5760116577  20.5802803040
   3.5763990879  20.6002807617
   3.5767848492  20.6202812195
   3.5771691799  20.6402816772
   3.5775518417  20.6602821350
   3.5779330730  20.6802825928
   3.5783126354  20.7002830505
   3.5786905289  20.7202835083
   3.5790669918  20.7402839661
   3.5794420242  20.7602844238
   3.5798153877  20.7802848816
   3.5801873207  20.8002853394
   3.5805575848  20.8202857971
   3.5809264183  20.8402862549
   3.5812935829  20.8602867126
   3.5816593170  20.8802871704
   3.5820236206  20.9002876282
   3.5823864937  20.9202880859
   3.5827476978  20.9402885437
   3.5831074715  20.9602890015
   3.5834658146  20.9802894592
   3.5838227272  21.0002899170
   3.5841782093  21.0202903748
   3.5845320225  21.0402908325
   3.5848844051  21.0602912903
   3.5852353573  21.0802917480
   3.5855848789  21.1002922058
   3.5859329700  21.1202926636
   3.5862796307  21.1402931213
   3.5866248608  21.1602935791
   3.5869686604  21.1802940369
   3.5873110294  21.2002944946
   3.5876519680  21.2202949524
   3.5879917145  21.2402954102
   3.5883300304  21.2602958679
   3.5886669159  21.2802963257
   3.5890023708  21.3002967834
   3.5893363953  21.3202972412
   3.5896692276  21.3402976990
   3.5900006294  21.3602981567
   3.5903306007  21.3802986145
   3.5906591415  21.4002990723
   3.5909864902  21.4202995300
   3.5913124084  21.4402999878
   3.5916368961  21.4603004456
   3.5919601917  21.4803009033
   3.5922820568  21.5003013611
   3.5926027298  21.5203018188
   3.5929219723  21.5403022766
   3.5932400227  21.5603027344
   3.5935566425  21.5803031921
   3.5938720703  21.6003036499
   3.5941860676  21.6203041077
   3.5944988728  21.6403045654
   3.5948102474  21.6603050232
   3.5951204300  21.6803054810
   3.5954294205  21.7003059387
   3.5957369804  21.7203063965
   3.5960433483  21.7403068542
   3.5963485241  21.7603073120
   3.5966522694  21.7803077698
   3.5969548225  21.8003082275
   3.5972561836  21.8203086853
   3.5975563526  21.8403091431
   3.5978550911  21.8603096008
   3.5981526375  21.8803100586
   3.5984489918  21.9003105164
   3.5987441540  21.9203109741
   3.5990381241  21.9403114319
   3.5993309021  21.9603118896
   3.5996224880  21.9803123474
   3.5999128819  22.0003128052
   3.6002020836  22.0203132629
   3.6004900932  22.0403137207
   3.6007769108  22.0603141785
   3.6010625362  22.0803146362
   3.6013469696  22.1003150940
   3.6016302109  22.1203155518
   3.6019122601  22.1403160095
   3.6021931171  22.1603164673
   3.6024727821  22.1803169250
   3.6027512550  22.2003173828
   3.6030287743  22.2203178406
   3.6033051014  22.2403182983
   3.6035802364  22.2603187561
   3.6038541794  22.2803192139
   3.6041269302  22.3003196716
   3.6043987274  22.3203201294
   3.6046693325  22.3403205872
   3.6049387455  22.3603210449
   3.6052072048  22.3803215027
   3.6054744720  22.4003219604
   3.6057405472  22.4203224182
   3.6060056686  22.4403228760
   3.6062695980  22.4603233337
   3.6065325737  22.4803237915
   3.6067943573  22.5003242493
   3.6070549488  22.5203247070
   3.6073145866  22.5403251648
   3.6075730324  22.5603256226
   3.6078305244  22.5803260803
   3.6080870628  22.6003265381
   3.6083424091  22.6203269958
   3.6085968018  22.6403274536
   3.6088500023  22.6603279114
   3.6091022491  22.6803283691
   3.6093533039  22.7003288269
   3.6096034050  22.7203292847
   3.6098525524  22.7403297424
   3.6101005077  22.7603302002
   3.6103475094  22.7803306580
   3.6105935574  22.8003311157
   3.6108386517  22.8203315735
   3.6110825539  22.8403320312
   3.6113255024  22.8603324890
   3.6115674973  22.8803329468
   3.6118085384  22.9003334045
   3.6120483875  22.9203338623
   3.6122872829  22.9403343201
   3.6125252247  22.9603347778
   3.6127622128  22.9803352356
   3.6129982471  23.0003356934
   3.6132333279  23.0203361511
   3.6134674549  23.0403366089
   3.6137006283  23.0603370667
   3.6139328480  23.0803375244
   3.6141641140  23.1003379822
   3.6143944263  23.1203384399
   3.6146237850  23.1403388977
   3.6148521900  23.1603393555
   3.6150796413  23.1803398132
   3.6153061390  23.2003402710
   3.6155316830  23.2203407288
   3.6157562733  23.2403411865
   3.6159799099  23.2603416443
   3.6162025928  23.2803421021
   3.6164243221  23.3003425598
   3.6166450977  23.3203430176
   3.6168649197  23.3403434753
   3.6170840263  23.3603439331
   3.6173021793  23.3803443909
   3.6175193787  23.4003448486
   3.6177356243  23.4203453064
   3.6179509163  23.4403457642
   3.6181654930  23.4603462219
   3.6183791161  23.4803466797
   3.6185917854  23.5003471375
   3.6188037395  23.5203475952
   3.6190147400  23.5403480530
   3.6192247868  23.5603485107
   3.6194341183  23.5803489685
   3.6196424961  23.6003494263
   3.6198499203  23.6203498840
   3.6200566292  23.6403503418
   3.6202623844  23.6603507996
   3.6204671860  23.6803512573
   3.6206712723  23.7003517151
   3.6208744049  23.7203521729
   3.6210768223  23.7403526306
   3.6212782860  23.7603530884
   3.6214790344  23.7803535461
   3.6216788292  23.8003540039
   3.6218779087  23.8203544617
   3.6220760345  23.8403549194
   3.6222734451  23.8603553772
   3.6224699020  23.8803558350
   3.6226656437  23.9003562927
   3.6228606701  23.9203567505
   3.6230547428  23.9403572083
   3.6232481003  23.9603576660
   3.6234407425  23.9803581238
   3.6236324310  24.0003585815
   3.6238234043  24.0203590393
   3.6240134239  24.0403594971
   3.6242027283  24.0603599548
   3.6243913174  24.0803604126
   3.6245791912  24.1003608704
   3.6247661114  24.1203613281
   3.6249523163  24.1403617859
   3.6251378059  24.1603622437
   3.6253225803  24.1803627014
   3.6255064011  24.2003631592
   3.6256895065  24.2203636169
   3.6258718967  24.2403640747
   3.6260535717  24.2603645325
   3.6262345314  24.2803649902
   3.6264145374  24.3003654480
   3.6265938282  24.3203659058
   3.6267724037  24.3403663635
   3.6269502640  24.3603668213
   3.6271274090  24.3803672791
   3.6273038387  24.4003677368
   3.6274795532  24.4203681946
   3.6276545525  24.4403686523
   3.6278288364  24.4603691101
   3.6280024052  24.4803695679
   3.6281752586  24.5003700256
   3.6283473969  24.5203704834
   3.6285188198  24.5403709412
   3.6286895275  24.5603713989
   3.6288595200  24.5803718567
   3.6290287971  24.6003723145
   3.6291973591  24.6203727722
   3.6293652058  24.6403732300
   3.6295323372  24.6603736877
   3.6296987534  24.6803741455
   3.6298644543  24.7003746033
   3.6300294399  24.7203750610
   3.6301937103  24.7403755188
   3.6303572655  24.7603759766
   3.6305203438  24.7803764343
   3.6306827068  24.8003768921
   3.6308443546  24.8203773499
   3.6310052872  24.8403778076
   3.6311655045  24.8603782654
   3.6313250065  24.8803787231
   3.6314840317  24.9003791809
   3.6316423416  24.9203796387
   3.6317999363  24.9403800964
   3.6319568157  24.9603805542
   3.6321132183  24.9803810120
   3.6322689056  25.0003814697
   3.6324238777  25.0203819275
   3.6325781345  25.0403823853
   3.6327319145  25.0603828430
   3.6328849792  25.0803833008
   3.6330373287  25.1003837585
   3.6331892014  25.1203842163
   3.6333403587  25.1403846741
   3.6334908009  25.1603851318
   3.6336407661  25.1803855896
   3.6337900162  25.2003860474
   3.6339387894  25.2203865051
   3.6340868473  25.2403869629
   3.6342341900  25.2603874207
   3.6343810558  25.2803878784
   3.6345272064  25.3003883362
   3.6346728802  25.3203887939
   3.6348178387  25.3403892517
   3.6349623203  25.3603897095
   3.6351060867  25.3803901672
   3.6352493763  25.4003906250
   3.6353919506  25.4203910828
   3.6355340481  25.4403915405
   3.6356754303  25.4603919983
   3.6358163357  25.4803924561
   3.6359565258  25.5003929138
   3.6360962391  25.5203933716
   3.6362352371  25.5403938293
   3.6363737583  25.5603942871
   3.6365115643  25.5803947449
   3.6366488934  25.6003952026
   3.6367857456  25.6203956604
   3.6369218826  25.6403961182
   3.6370575428  25.6603965759
   3.6371927261  25.6803970337
   3.6373271942  25.7003974915
   3.6374611855  25.7203979492
   3.6375944614  25.7403984070
   3.6377272606  25.7603988647
   3.6378595829  25.7803993225
   3.6379911900  25.8003997803
   3.6381223202  25.8204002380
   3.6382529736  25.8404006958
   3.6383831501  25.8604011536
   3.6385126114  25.8804016113
   3.6386415958  25.9004020691
   3.6387701035  25.9204025269
   3.6388981342  25.9404029846
   3.6390254498  25.9604034424
   3.6391522884  25.9804039001
   3.6392786503  26.0004043579
   3.6394045353  26.0204048157
   3.6395297050  26.0404052734
   3.6396543980  26.0604057312
   3.6397786140  26.0804061890
   3.6399023533  26.1004066467
   3.6400256157  26.1204071045
   3.6401484013  26.1404075623
   3.6402704716  26.1604080200
   3.6403920650  26.1804084778
   3.6405131817  26.2004089355
   3.6406338215  26.2204093933
   3.6407539845  26.2404098511
   3.6408736706  26.2604103088
   3.6409928799  26.2804107666
   3.6411116123  26.3004112244
   3.6412298679  26.3204116821
   3.6413476467  26.3404121399
   3.6414647102  26.3604125977
   3.6415812969  26.3804130554
   3.6416974068  26.4004135132
   3.6418130398  26.4204139709
   3.6419281960  26.4404144287
   3.6420428753  26.4604148865
   3.6421570778  26.4804153442
   3.6422708035  26.5004158020
   3.6423840523  26.5204162598
   3.6424968243  26.5404167175
   3.6426091194  26.5604171753
   3.6427209377  26.5804176331
   3.6428322792  26.6004180908
   3.6429431438  26.6204185486
   3.6430537701  26.6404190063
   3.6431639194  26.6604194641
   3.6432735920  26.6804199219
   3.6433827877  26.7004203796
   3.6434915066  26.7204208374
   3.6435997486  26.7404212952
   3.6437075138  26.7604217529
   3.6438148022  26.7804222107
   3.6439216137  26.8004226685
   3.6440279484  26.8204231262
   3.6441340446  26.8404235840
   3.6442396641  26.8604240417
   3.6443448067  26.8804244995
   3.6444494724  26.9004249573
   3.6445536613  26.9204254150
   3.6446573734  26.9404258728
   3.6447606087  26.9604263306
   3.6448636055  26.9804267883
   3.6449661255  27.0004272461
   3.6450681686  27.0204277039
   3.6451697350  27.0404281616
   3.6452710629  27.0604286194
   3.6453719139  27.0804290771
   3.6454722881  27.1004295349
   3.6455721855  27.1204299927
   3.6456716061  27.1404304504
   3.6457707882  27.1604309082
   3.6458694935  27.1804313660
   3.6459677219  27.2004318237
   3.6460657120  27.2204322815
   3.6461632252  27.2404327393
   3.6462602615  27.2604331970
   3.6463568211  27.2804336548
   3.6464531422  27.3004341125
   3.6465489864  27.3204345703
   3.6466443539  27.3404350281
   3.6467394829  27.3604354858
   3.6468341351  27.3804359436
   3.6469283104  27.4004364014
   3.6470222473  27.4204368591
   3.6471157074  27.4404373169
   3.6472086906  27.4604377747
   3.6473014355  27.4804382324
   3.6473937035  27.5004386902
   3.6474857330  27.5204391479
   3.6475772858  27.5404396057
   3.6476683617  27.5604400635
   3.6477591991  27.5804405212
   3.6478495598  27.6004409790
   3.6479396820  27.6204414368
   3.6480293274  27.6404418945
   3.6481184959  27.6604423523
   3.6482074261  27.6804428101
   3.6482958794  27.7004432678
   3.6483840942  27.7204437256
   3.6484718323  27.7404441833
   3.6485593319  27.7604446411
   3.6486463547  27.7804450989
   3.6487331390  27.8004455566
   3.6488194466  27.8204460144
   3.6489055157  27.8404464722
   3.6489911079  27.8604469299
   3.6490764618  27.8804473877
   3.6491613388  27.9004478455
   3.6492459774  27.9204483032
   3.6493301392  27.9404487610
   3.6494140625  27.9604492188
   3.6494975090  27.9804496765
   3.6495807171  28.0004501343
   3.6496634483  28.0204505920
   3.6497459412  28.0404510498
   3.6498279572  28.0604515076
   3.6499097347  28.0804519653
   3.6499910355  28.1004524231
   3.6500720978  28.1204528809
   3.6501529217  28.1404533386
   3.6502332687  28.1604537964
   3.6503133774  28.1804542542
   3.6503930092  28.2004547119
   3.6504724026  28.2204551697
   3.6505515575  28.2404556274
   3.6506302357  28.2604560852
   3.6507086754  28.2804565430
   3.6507866383  28.3004570007
   3.6508643627  28.3204574585
   3.6509418488  28.3404579163
   3.6510188580  28.3604583740
   3.6510956287  28.3804588318
   3.6511721611  28.4004592896
   3.6512482166  28.4204597473
   3.6513240337  28.4404602051
   3.6513996124  28.4604606628
   3.6514747143  28.4804611206
   3.6515495777  28.5004615784
   3.6516242027  28.5204620361
   3.6516983509  28.5404624939
   3.6517722607  28.5604629517
   3.6518459320  28.5804634094
   3.6519191265  28.6004638672
   3.6519920826  28.6204643250
   3.6520648003  28.6404647827
   3.6521372795  28.6604652405
   3.6522092819  28.6804656982
   3.6522810459  28.7004661560
   3.6523525715  28.7204666138
   3.6524238586  28.7404670715
   3.6524946690  28.7604675293
   3.6525652409  28.7804679871
   3.6526355743  28.8004684448
   3.6527056694  28.8204689026
   3.6527752876  28.8404693604
   3.6528446674  28.8604698181
   3.6529138088  28.8804702759
   3.6529827118  28.9004707336
   3.6530511379  28.9204711914
   3.6531193256  28.9404716492
   3.6531872749  28.9604721069
   3.6532549858  28.9804725647
   3.6533224583  29.0004730225
   3.6533896923  29.0204734802
   3.6534564495  29.0404739380
   3.6535229683  29.0604743958
   3.6535892487  29.0804748535
   3.6536552906  29.1004753113
   3.6537210941  29.1204757690
   3.6537866592  29.1404762268
   3.6538517475  29.1604766846
   3.6539165974  29.1804771423
   3.6539812088  29.2004776001
   3.6540455818  29.2204780579
   3.6541097164  29.2404785156
   3.6541736126  29.2604789734
   3.6542372704  29.2804794312
   3.6543004513  29.3004798889
   3.6543633938  29.3204803467
   3.6544260979  29.3404808044
   3.6544885635  29.3604812622
   3.6545507908  29.3804817200
   3.6546127796  29.4004821777
   3.6546745300  29.4204826355
   3.6547360420  29.4404830933
   3.6547973156  29.4604835510
   3.6548583508  29.4804840088
   3.6549191475  29.5004844666
   3.6549794674  29.5204849243
   3.6550395489  29.5404853821
   3.6550993919  29.5604858398
   3.6551589966  29.5804862976
   3.6552183628  29.6004867554
   3.6552774906  29.6204872131
   3.6553363800  29.6404876709
   3.6553950310  29.6604881287
   3.6554534435  29.6804885864
   3.6555116177  29.7004890442
   3.6555695534  29.7204895020
   3.6556272507  29.7404899597
   3.6556847095  29.7604904175
   3.6557419300  29.7804908752
   3.6557989120  29.8004913330
   3.6558556557  29.8204917908
   3.6559121609  29.8404922485
   3.6559684277  29.8604927063
   3.6560244560  29.8804931641
   3.6560802460  29.9004936218
   3.6561357975  29.9204940796
   3.6561911106  29.9404945374
   3.6562461853  29.9604949951
   3.6563010216  29.9804954529
   3.6563556194  30.0004959106
   3.6564099789  30.0204963684
   3.6564640999  30.0404968262
   3.6565179825  30.0604972839
   3.6565716267  30.0804977417
   3.6566250324  30.1004981995
   3.6566781998  30.1204986572
   3.6567313671  30.1404991150
   3.6567842960  30.1604995728
   3.6568369865  30.1805000305
   3.6568894386  30.2005004883
   3.6569416523  30.2205009460
   3.6569936275  30.2405014038
   3.6570453644  30.2605018616
   3.6570968628  30.2805023193
   3.6571481228  30.3005027771
   3.6571991444  30.3205032349
   3.6572499275  30.3405036926
   3.6573007107  30.3605041504
   3.6573512554  30.3805046082
   3.6574015617  30.4005050659
   3.6574516296  30.4205055237
   3.6575014591  30.4405059814
   3.6575510502  30.4605064392
   3.6576004028  30.4805068970
   3.6576495171  30.5005073547
   3.6576983929  30.5205078125
   3.6577472687  30.5405082703
   3.6577959061  30.5605087280
   3.6578443050  30.5805091858
   3.6578924656  30.6005096436
   3.6579403877  30.6205101013
   3.6579880714  30.6405105591
   3.6580357552  30.6605110168
   3.6580832005  30.6805114746
   3.6581304073  30.7005119324
   3.6581773758  30.7205123901
   3.6582241058  30.7405128479
   3.6582705975  30.7605133057
   3.6583170891  30.7805137634
   3.6583633423  30.8005142212
   3.6584093571  30.8205146790
   3.6584551334  30.8405151367
   3.6585006714  30.8605155945
   3.6585462093  30.8805160522
   3.6585915089  30.9005165100
   3.6586365700  30.9205169678
   3.6586813927  30.9405174255
   3.6587259769  30.9605178833
   3.6587705612  30.9805183411
   3.6588149071  31.0005187988
   3.6588590145  31.0205192566
   3.6589028835  31.0405197144
   3.6589465141  31.0605201721
   3.6589901447  31.0805206299
   3.6590335369  31.1005210876
   3.6590766907  31.1205215454
   3.6591196060  31.1405220032
   3.6591625214  31.1605224609
   3.6592051983  31.1805229187
   3.6592476368  31.2005233765
   3.6592898369  31.2205238342
   3.6593320370  31.2405242920
   3.6593739986  31.2605247498
   3.6594157219  31.2805252075
   3.6594572067  31.3005256653
   3.6594986916  31.3205261230
   3.6595399380  31.3405265808
   3.6595809460  31.3605270386
   3.6596219540  31.3805274963
   3.6596627235  31.4005279541
   3.6597032547  31.4205284119
   3.6597435474  31.4405288696
   3.6597838402  31.4605293274
   3.6598238945  31.4805297852
   3.6598637104  31.5005302429
   3.6599035263  31.5205307007
   3.6599431038  31.5405311584
   3.6599824429  31.5605316162
   3.6600215435  31.5805320740
   3.6600606441  31.6005325317
   3.6600995064  31.6205329895
   3.6601381302  31.6405334473
   3.6601767540  31.6605339050
   3.6602151394  31.6805343628
   3.6602532864  31.7005348206
   3.6602914333  31.7205352783
   3.6603293419  31.7405357361
   3.6603670120  31.7605361938
   3.6604046822  31.7805366516
   3.6604421139  31.8005371094
   3.6604793072  31.8205375671
   3.6605165005  31.8405380249
   3.6605534554  31.8605384827
   3.6605901718  31.8805389404
   3.6606268883  31.9005393982
   3.6606633663  31.9205398560
   3.6606996059  31.9405403137
   3.6607358456  31.9605407715
   3.6607718468  31.9805412292
   3.6608078480  32.0005416870
   3.6608436108  32.0205421448
   3.6608791351  32.0405426025
   3.6609146595  32.0605430603
   3.6609499454  32.0805435181
   3.6609849930  32.1005439758
   3.6610200405  32.1205444336
   3.6610548496  32.1405448914
   3.6610896587  32.1605453491
   3.6611242294  32.1805458069
   3.6611585617  32.2005462646
   3.6611928940  32.2205467224
   3.6612269878  32.2405471802
   3.6612610817  32.2605476379
   3.6612949371  32.2805480957
   3.6613285542  32.3005485535
   3.6613621712  32.3205490112
   3.6613955498  32.3405494690
   3.6614289284  32.3605499268
   3.6614620686  32.3805503845
   3.6614949703  32.4005508423
   3.6615278721  32.4205513000
   3.6615605354  32.4405517578
   3.6615931988  32.4605522156
   3.6616256237  32.4805526733
   3.6616580486  32.5005531311
   3.6616902351  32.5205535889
   3.6617221832  32.5405540466
   3.6617541313  32.5605545044
   3.6617858410  32.5805549622
   3.6618175507  32.6005554199
   3.6618490219  32.6205558777
   3.6618804932  32.6405563354
   3.6619117260  32.6605567932
   3.6619429588  32.6805572510
   3.6619739532  32.7005577087
   3.6620047092  32.7205581665
   3.6620354652  32.7405586243
   3.6620659828  32.7605590820
   3.6620965004  32.7805595398
   3.6621267796  32.8005599976
   3.6621570587  32.8205604553
   3.6621870995  32.8405609131
   3.6622171402  32.8605613708
   3.6622469425  32.8805618286
   3.6622767448  32.9005622864
   3.6623063087  32.9205627441
   3.6623358727  32.9405632019
   3.6623651981  32.9605636597
   3.6623945236  32.9805641174
   3.6624236107  33.0005645752
   3.6624526978  33.0205650330
   3.6624815464  33.0405654907
   3.6625101566  33.0605659485
   3.6625387669  33.0805664062
   3.6625671387  33.1005668640
   3.6625955105  33.1205673218
   3.6626236439  33.1405677795
   3.6626517773  33.1605682373
   3.6626796722  33.1805686951
   3.6627075672  33.2005691528
   3.6627354622  33.2205696106
   3.6627631187  33.2405700684
   3.6627907753  33.2605705261
   3.6628181934  33.2805709839
   3.6628456116  33.3005714417
   3.6628727913  33.3205718994
   3.6628999710  33.3405723572
   3.6629269123  33.3605728149
   3.6629538536  33.3805732727
   3.6629805565  33.4005737305
   3.6630072594  33.4205741882
   3.6630337238  33.4405746460
   3.6630601883  33.4605751038
   3.6630864143  33.4805755615
   3.6631126404  33.5005760193
   3.6631386280  33.5205764771
   3.6631646156  33.5405769348
   3.6631903648  33.5605773926
   3.6632161140  33.5805778503
   3.6632418633  33.6005783081
   3.6632673740  33.6205787659
   3.6632928848  33.6405792236
   3.6633181572  33.6605796814
   3.6633434296  33.6805801392
   3.6633684635  33.7005805969
   3.6633934975  33.7205810547
   3.6634182930  33.7405815125
   3.6634430885  33.7605819702
   3.6634678841  33.7805824280
   3.6634924412  33.8005828857
   3.6635169983  33.8205833435
   3.6635413170  33.8405838013
   3.6635656357  33.8605842590
   3.6635897160  33.8805847168
   3.6636137962  33.9005851746
   3.6636378765  33.9205856323
   3.6636617184  33.9405860901
   3.6636855602  33.9605865479
   3.6637091637  33.9805870056
   3.6637327671  34.0005874634
   3.6637561321  34.0205879211
   3.6637794971  34.0405883789
   3.6638028622  34.0605888367
   3.6638259888  34.0805892944
   3.6638491154  34.1005897522
   3.6638720036  34.1205902100
   3.6638948917  34.1405906677
   3.6639177799  34.1605911255
   3.6639404297  34.1805915833
   3.6639630795  34.2005920410
   3.6639854908  34.2205924988
   3.6640079021  34.2405929565
   3.6640303135  34.2605934143
   3.6640524864  34.2805938721
   3.6640746593  34.3005943298
   3.6640965939  34.3205947876
   3.6641185284  34.3405952454
   3.6641404629  34.3605957031
   3.6641621590  34.3805961609
   3.6641838551  34.4005966187
   3.6642055511  34.4205970764
   3.6642270088  34.4405975342
   3.6642484665  34.4605979919
   3.6642696857  34.4805984497
   3.6642909050  34.5005989075
   3.6643121243  34.5205993652
   3.6643331051  34.5405998230
   3.6643540859  34.5606002808
   3.6643750668  34.5806007385
   3.6643958092  34.6006011963
   3.6644165516  34.6206016541
   3.6644370556  34.6406021118
   3.6644575596  34.6606025696
   3.6644780636  34.6806030273
   3.6644983292  34.7006034851
   3.6645185947  34.7206039429
   3.6645388603  34.7406044006
   3.6645588875  34.7606048584
   3.6645789146  34.7806053162
   3.6645989418  34.8006057739
   3.6646187305  34.8206062317
   3.6646385193  34.8406066895
   3.6646580696  34.8606071472
   3.6646776199  34.8806076050
   3.6646971703  34.9006080627
   3.6647164822  34.9206085205
   3.6647357941  34.9406089783
   3.6647551060  34.9606094360
   3.6647741795  34.9806098938
   3.6647932529  35.0006103516
   3.6648123264  35.0206108093
   3.6648311615  35.0406112671
   3.6648499966  35.0606117249
   3.6648688316  35.0806121826
   3.6648874283  35.1006126404
   3.6649060249  35.1206130981
   3.6649246216  35.1406135559
   3.6649429798  35.1606140137
   3.6649613380  35.1806144714
   3.6649796963  35.2006149292
   3.6649978161  35.2206153870
   3.6650159359  35.2406158447
   3.6650340557  35.2606163025
   3.6650521755  35.2806167603
   3.6650700569  35.3006172180
   3.6650879383  35.3206176758
   3.6651058197  35.3406181335
   3.6651234627  35.3606185913
   3.6651411057  35.3806190491
   3.6651587486  35.4006195068
   3.6651761532  35.4206199646
   3.6651935577  35.4406204224
   3.6652109623  35.4606208801
   3.6652281284  35.4806213379
   3.6652452946  35.5006217957
   3.6652624607  35.5206222534
   3.6652796268  35.5406227112
   3.6652965546  35.5606231689
   3.6653134823  35.5806236267
   3.6653304100  35.6006240845
   3.6653470993  35.6206245422
   3.6653637886  35.6406250000
   3.6653804779  35.6606254578
   3.6653969288  35.6806259155
   3.6654133797  35.7006263733
   3.6654298306  35.7206268311
   3.6654462814  35.7406272888
   3.6654624939  35.7606277466
   3.6654787064  35.7806282043
   3.6654949188  35.8006286621
   3.6655108929  35.8206291199
   3.6655268669  35.8406295776
   3.6655428410  35.8606300354
   3.6655588150  35.8806304932
   3.6655745506  35.9006309509
   3.6655902863  35.9206314087
   3.6656060219  35.9406318665
   3.6656215191  35.9606323242
   3.6656370163  35.9806327820
   3.6656525135  36.0006332397
   3.6656680107  36.0206336975
   3.6656832695  36.0406341553
   3.6656985283  36.0606346130
   3.6657137871  36.0806350708
   3.6657290459  36.1006355286
   3.6657440662  36.1206359863
   3.6657590866  36.1406364441
   3.6657741070  36.1606369019
   3.6657888889  36.1806373596
   3.6658036709  36.2006378174
   3.6658184528  36.2206382751
   3.6658332348  36.2406387329
   3.6658477783  36.2606391907
   3.6658623219  36.2806396484
   3.6658768654  36.3006401062
   3.6658914089  36.3206405640
   3.6659057140  36.3406410217
   3.6659200191  36.3606414795
   3.6659343243  36.3806419373
   3.6659486294  36.4006423950
   3.6659626961  36.4206428528
   3.6659767628  36.4406433105
   3.6659908295  36.4606437683
   3.6660048962  36.4806442261
   3.6660187244  36.5006446838
   3.6660325527  36.5206451416
   3.6660463810  36.5406455994
   3.6660602093  36.5606460571
   3.6660737991  36.5806465149
   3.6660873890  36.6006469727
   3.6661009789  36.6206474304
   3.6661145687  36.6406478882
   3.6661279202  36.6606483459
   3.6661412716  36.6806488037
   3.6661546230  36.7006492615
   3.6661679745  36.7206497192
   3.6661813259  36.7406501770
   3.6661944389  36.7606506348
   3.6662075520  36.7806510925
   3.6662206650  36.8006515503
   3.6662337780  36.8206520081
   3.6662466526  36.8406524658
   3.6662595272  36.8606529236
   3.6662724018  36.8806533813
   3.6662852764  36.9006538391
   3.6662979126  36.9206542969
   3.6663105488  36.9406547546
   3.6663231850  36.9606552124
   3.6663358212  36.9806556702
   3.6663484573  37.0006561279
   3.6663608551  37.0206565857
   3.6663732529  37.0406570435
   3.6663856506  37.0606575012
   3.6663980484  37.0806579590
   3.6664104462  37.1006584167
   3.6664226055  37.1206588745
   3.6664347649  37.1406593323
   3.6664469242  37.1606597900
   3.6664590836  37.1806602478
   3.6664710045  37.2006607056
   3.6664829254  37.2206611633
   3.6664948463  37.2406616211
   3.6665067673  37.2606620789
   3.6665186882  37.2806625366
   3.6665303707  37.3006629944
   3.6665420532  37.3206634521
   3.6665537357  37.3406639099
   3.6665654182  37.3606643677
   3.6665771008  37.3806648254
   3.6665885448  37.4006652832
   3.6665999889  37.4206657410
   3.6666114330  37.4406661987
   3.6666228771  37.4606666565
   3.6666343212  37.4806671143
   3.6666455269  37.5006675720
   3.6666567326  37.5206680298
   3.6666679382  37.5406684875
   3.6666791439  37.5606689453
   3.6666903496  37.5806694031
   3.6667013168  37.6006698608
   3.6667122841  37.6206703186
   3.6667232513  37.6406707764
   3.6667342186  37.6606712341
   3.6667451859  37.6806716919
   3.6667559147  37.7006721497
   3.6667666435  37.7206726074
   3.6667773724  37.7406730652
   3.6667881012  37.7606735229
   3.6667988300  37.7806739807
   3.6668093204  37.8006744385
   3.6668198109  37.8206748962
   3.6668303013  37.8406753540
   3.6668407917  37.8606758118
   3.6668512821  37.8806762695
   3.6668617725  37.9006767273
   3.6668720245  37.9206771851
   3.6668822765  37.9406776428
   3.6668925285  37.9606781006
   3.6669027805  37.9806785583
   3.6669130325  38.0006790161
   3.6669230461  38.0206794739
   3.6669330597  38.0406799316
   3.6669430733  38.0606803894
   3.6669530869  38.0806808472
   3.6669631004  38.1006813049
   3.6669731140  38.1206817627
   3.6669828892  38.1406822205
   3.6669926643  38.1606826782
   3.6670024395  38.1806831360
   3.6670122147  38.2006835938
   3.6670219898  38.2206840515
   3.6670317650  38.2406845093
   3.6670413017  38.2606849670
   3.6670508385  38.2806854248
   3.6670603752  38.3006858826
   3.6670699120  38.3206863403
   3.6670794487  38.3406867981
   3.6670887470  38.3606872559
   3.6670980453  38.3806877136
   3.6671073437  38.4006881714
   3.6671166420  38.4206886292
   3.6671259403  38.4406890869
   3.6671352386  38.4606895447
   3.6671445370  38.4806900024
   3.6671535969  38.5006904602
   3.6671626568  38.5206909180
   3.6671717167  38.5406913757
   3.6671807766  38.5606918335
   3.6671898365  38.5806922913
   3.6671988964  38.6006927490
   3.6672077179  38.6206932068
   3.6672165394  38.6406936646
   3.6672253609  38.6606941223
   3.6672341824  38.6806945801
   3.6672430038  38.7006950378
   3.6672518253  38.7206954956
   3.6672604084  38.7406959534
   3.6672689915  38.7606964111
   3.6672775745  38.7806968689
   3.6672861576  38.8006973267
   3.6672947407  38.8206977844
   3.6673033237  38.8406982422
   3.6673119068  38.8606987000
   3.6673202515  38.8806991577
   3.6673285961  38.9006996155
   3.6673369408  38.9207000732
   3.6673452854  38.9407005310
   3.6673536301  38.9607009888
   3.6673619747  38.9807014465
   3.6673703194  39.0007019043
   3.6673784256  39.0207023621
   3.6673865318  39.0407028198
   3.6673946381  39.0607032776
   3.6674027443  39.0807037354
   3.6674108505  39.1007041931
   3.6674189568  39.1207046509
   3.6674270630  39.1407051086
   3.6674349308  39.1607055664
   3.6674427986  39.1807060242
   3.6674506664  39.2007064819
   3.6674585342  39.2207069397
   3.6674664021  39.2407073975
   3.6674742699  39.2607078552
   3.6674821377  39.2807083130
   3.6674897671  39.3007087708
   3.6674973965  39.3207092285
   3.6675050259  39.3407096863
   3.6675126553  39.3607101440
   3.6675202847  39.3807106018
   3.6675279140  39.4007110596
   3.6675355434  39.4207115173
   3.6675429344  39.4407119751
   3.6675503254  39.4607124329
   3.6675577164  39.4807128906
   3.6675651073  39.5007133484
   3.6675724983  39.5207138062
   3.6675798893  39.5407142639
   3.6675872803  39.5607147217
   3.6675946712  39.5807151794
   3.6676018238  39.6007156372
   3.6676089764  39.6207160950
   3.6676161289  39.6407165527
   3.6676232815  39.6607170105
   3.6676304340  39.6807174683
   3.6676375866  39.7007179260
   3.6676447392  39.7207183838
   3.6676518917  39.7407188416
   3.6676588058  39.7607192993
   3.6676657200  39.7807197571
   3.6676726341  39.8007202148
   3.6676795483  39.8207206726
   3.6676864624  39.8407211304
   3.6676933765  39.8607215881
   3.6677002907  39.8807220459
   3.6677072048  39.9007225037
   3.6677138805  39.9207229614
   3.6677205563  39.9407234192
   3.6677272320  39.9607238770
   3.6677339077  39.9807243347
   3.6677405834  40.0007247925
   3.6677472591  40.0207252502
   3.6677539349  40.0407257080
   3.6677606106  40.0607261658
   3.6677670479  40.0807266235
   3.6677734852  40.1007270813
   3.6677799225  40.1207275391
   3.6677863598  40.1407279968
   3.6677927971  40.1607284546
   3.6677992344  40.1807289124
   3.6678056717  40.2007293701
   3.6678121090  40.2207298279
   3.6678185463  40.2407302856
   3.6678247452  40.2607307434
   3.6678309441  40.2807312012
   3.6678371429  40.3007316589
   3.6678433418  40.3207321167
   3.6678495407  40.3407325745
   3.6678557396  40.3607330322
   3.6678619385  40.3807334900
   3.6678681374  40.4007339478
   3.6678743362  40.4207344055
   3.6678802967  40.4407348633
   3.6678862572  40.4607353210
   3.6678922176  40.4807357788
   3.6678981781  40.5007362366
   3.6679041386  40.5207366943
   3.6679100990  40.5407371521
   3.6679160595  40.5607376099
   3.6679220200  40.5807380676
   3.6679279804  40.6007385254
   3.6679339409  40.6207389832
   3.6679396629  40.6407394409
   3.6679453850  40.6607398987
   3.6679511070  40.6807403564
   3.6679568291  40.7007408142
   3.6679625511  40.7207412720
   3.6679682732  40.7407417297
   3.6679739952  40.7607421875
   3.6679797173  40.7807426453
   3.6679854393  40.8007431030
   3.6679911613  40.8207435608
   3.6679966450  40.8407440186
   3.6680021286  40.8607444763
   3.6680076122  40.8807449341
   3.6680130959  40.9007453918
   3.6680185795  40.9207458496
   3.6680240631  40.9407463074
   3.6680295467  40.9607467651
   3.6680350304  40.9807472229
   3.6680405140  41.0007476807
   3.6680459976  41.0207481384
   3.6680512428  41.0407485962
   3.6680564880  41.0607490540
   3.6680617332  41.0807495117
   3.6680669785  41.1007499695
   3.6680722237  41.1207504272
   3.6680774689  41.1407508850
   3.6680827141  41.1607513428
   3.6680879593  41.1807518005
   3.6680932045  41.2007522583
   3.6680984497  41.2207527161
   3.6681036949  41.2407531738
   3.6681087017  41.2607536316
   3.6681137085  41.2807540894
   3.6681187153  41.3007545471
   3.6681237221  41.3207550049
   3.6681287289  41.3407554626
   3.6681337357  41.3607559204
   3.6681387424  41.3807563782
   3.6681437492  41.4007568359
   3.6681487560  41.4207572937
   3.6681537628  41.4407577515
   3.6681587696  41.4607582092
   3.6681635380  41.4807586670
   3.6681683064  41.5007591248
   3.6681730747  41.5207595825
   3.6681778431  41.5407600403
   3.6681826115  41.5607604980
   3.6681873798  41.5807609558
   3.6681921482  41.6007614136
   3.6681969166  41.6207618713
   3.6682016850  41.6407623291
   3.6682064533  41.6607627869
   3.6682112217  41.6807632446
   3.6682159901  41.7007637024
   3.6682205200  41.7207641602
   3.6682250500  41.7407646179
   3.6682295799  41.7607650757
   3.6682341099  41.7807655334
   3.6682386398  41.8007659912
   3.6682431698  41.8207664490
   3.6682476997  41.8407669067
   3.6682522297  41.8607673645
   3.6682567596  41.8807678223
   3.6682612896  41.9007682800
   3.6682658195  41.9207687378
   3.6682703495  41.9407691956
   3.6682746410  41.9607696533
   3.6682789326  41.9807701111
   3.6682832241  42.0007705688
   3.6682875156  42.0207710266
   3.6682918072  42.0407714844
   3.6682960987  42.0607719421
   3.6683003902  42.0807723999
   3.6683046818  42.1007728577
   3.6683089733  42.1207733154
   3.6683132648  42.1407737732
   3.6683175564  42.1607742310
   3.6683218479  42.1807746887
   3.6683261395  42.2007751465
   3.6683304310  42.2207756042
   3.6683344841  42.2407760620
   3.6683385372  42.2607765198
   3.6683425903  42.2807769775
   3.6683466434  42.3007774353
   3.6683506966  42.3207778931
   3.6683547497  42.3407783508
   3.6683588028  42.3607788086
   3.6683628559  42.3807792664
   3.6683669090  42.4007797241
   3.6683709621  42.4207801819
   3.6683750153  42.4407806396
   3.6683790684  42.4607810974
   3.6683831215  42.4807815552
   3.6683871746  42.5007820129
   3.6683909893  42.5207824707
   3.6683948040  42.5407829285
   3.6683986187  42.5607833862
   3.6684024334  42.5807838440
   3.6684062481  42.6007843018
   3.6684100628  42.6207847595
   3.6684138775  42.6407852173
   3.6684176922  42.6607856750
   3.6684215069  42.6807861328
   3.6684253216  42.7007865906
   3.6684291363  42.7207870483
   3.6684329510  42.7407875061
   3.6684367657  42.7607879639
   3.6684405804  42.7807884216
   3.6684441566  42.8007888794
   3.6684477329  42.8207893372
   3.6684513092  42.8407897949
   3.6684548855  42.8607902527
   3.6684584618  42.8807907104
   3.6684620380  42.9007911682
   3.6684656143  42.9207916260
   3.6684691906  42.9407920837
   3.6684727669  42.9607925415
   3.6684763432  42.9807929993
   3.6684799194  43.0007934570
   3.6684834957  43.0207939148
   3.6684870720  43.0407943726
   3.6684906483  43.0607948303
   3.6684942245  43.0807952881
   3.6684978008  43.1007957458
   3.6685011387  43.1207962036
   3.6685044765  43.1407966614
   3.6685078144  43.1607971191
   3.6685111523  43.1807975769
   3.6685144901  43.2007980347
   3.6685178280  43.2207984924
   3.6685211658  43.2407989502
   3.6685245037  43.2607994080
   3.6685278416  43.2807998657
   3.6685311794  43.3008003235
   3.6685345173  43.3208007812
   3.6685378551  43.3408012390
   3.6685411930  43.3608016968
   3.6685445309  43.3808021545
   3.6685478687  43.4008026123
   3.6685512066  43.4208030701
   3.6685545444  43.4408035278
   3.6685576439  43.4608039856
   3.6685607433  43.4808044434
   3.6685638428  43.5008049011
   3.6685669422  43.5208053589
   3.6685700417  43.5408058167
   3.6685731411  43.5608062744
   3.6685762405  43.5808067322
   3.6685793400  43.6008071899
   3.6685824394  43.6208076477
   3.6685855389  43.6408081055
   3.6685886383  43.6608085632
   3.6685917377  43.6808090210
   3.6685948372  43.7008094788
   3.6685979366  43.7208099365
   3.6686010361  43.7408103943
   3.6686041355  43.7608108521
   3.6686072350  43.7808113098
   3.6686103344  43.8008117676
   3.6686134338  43.8208122253
   3.6686162949  43.8408126831
   3.6686191559  43.8608131409
   3.6686220169  43.8808135986
   3.6686248779  43.9008140564
   3.6686277390  43.9208145142
   3.6686306000  43.9408149719
   3.6686334610  43.9608154297
   3.6686363220  43.9808158875
   3.6686391830  44.0008163452
   3.6686420441  44.0208168030
   3.6686449051  44.0408172607
   3.6686477661  44.0608177185
   3.6686506271  44.0808181763
   3.6686534882  44.1008186340
   3.6686563492  44.1208190918
   3.6686592102  44.1408195496
   3.6686620712  44.1608200073
   3.6686649323  44.1808204651
   3.6686677933  44.2008209229
   3.6686704159  44.2208213806
   3.6686730385  44.2408218384
   3.6686756611  44.2608222961
   3.6686782837  44.2808227539
   3.6686809063  44.3008232117
   3.6686835289  44.3208236694
   3.6686861515  44.3408241272
   3.6686887741  44.3608245850
   3.6686913967  44.3808250427
   3.6686940193  44.4008255005
   3.6686966419  44.4208259583
   3.6686992645  44.4408264160
   3.6687018871  44.4608268738
   3.6687045097  44.4808273315
   3.6687071323  44.5008277893
   3.6687097549  44.5208282471
   3.6687123775  44.5408287048
   3.6687150002  44.5608291626
   3.6687176228  44.5808296204
   3.6687202454  44.6008300781
   3.6687228680  44.6208305359
   3.6687254906  44.6408309937
   3.6687278748  44.6608314514
   3.6687302589  44.6808319092
   3.6687326431  44.7008323669
   3.6687350273  44.7208328247
   3.6687374115  44.7408332825
   3.6687397957  44.7608337402
   3.6687421799  44.7808341980
   3.6687445641  44.8008346558
   3.6687469482  44.8208351135
   3.6687493324  44.8408355713
   3.6687517166  44.8608360291
   3.6687541008  44.8808364868
   3.6687564850  44.9008369446
   3.6687588692  44.9208374023
   3.6687612534  44.9408378601
   3.6687636375  44.9608383179
   3.6687660217  44.9808387756
   3.6687684059  45.0008392334
   3.6687707901  45.0208396912
   3.6687731743  45.0408401489
   3.6687755585  45.0608406067
   3.6687779427  45.0808410645
   3.6687803268  45.1008415222
   3.6687827110  45.1208419800
   3.6687848568  45.1408424377
   3.6687870026  45.1608428955
   3.6687891483  45.1808433533
   3.6687912941  45.2008438110
   3.6687934399  45.2208442688
   3.6687955856  45.2408447266
   3.6687977314  45.2608451843
   3.6687998772  45.2808456421
   3.6688020229  45.3008460999
   3.6688041687  45.3208465576
   3.6688063145  45.3408470154
   3.6688084602  45.3608474731
   3.6688106060  45.3808479309
   3.6688127518  45.4008483887
   3.6688148975  45.4208488464
   3.6688170433  45.4408493042
   3.6688191891  45.4608497620
   3.6688213348  45.4808502197
   3.6688234806  45.5008506775
   3.6688256264  45.5208511353
   3.6688277721  45.5408515930
   3.6688299179  45.5608520508
   3.6688320637  45.5808525085
   3.6688342094  45.6008529663
   3.6688363552  45.6208534241
   3.6688385010  45.6408538818
   3.6688404083  45.6608543396
   3.6688423157  45.6808547974
   3.6688442230  45.7008552551
   3.6688461304  45.7208557129
   3.6688480377  45.7408561707
   3.6688499451  45.7608566284
   3.6688518524  45.7808570862
   3.6688537598  45.8008575439
   3.6688556671  45.8208580017
   3.6688575745  45.8408584595
   3.6688594818  45.8608589172
   3.6688613892  45.8808593750
   3.6688632965  45.9008598328
   3.6688652039  45.9208602905
   3.6688671112  45.9408607483
   3.6688690186  45.9608612061
   3.6688709259  45.9808616638
   3.6688728333  46.0008621216
   3.6688747406  46.0208625793
   3.6688766479  46.0408630371
   3.6688785553  46.0608634949
   3.6688804626  46.0808639526
   3.6688823700  46.1008644104
   3.6688842773  46.1208648682
   3.6688861847  46.1408653259
   3.6688880920  46.1608657837
   3.6688899994  46.1808662415
   3.6688919067  46.2008666992
   3.6688938141  46.2208671570
   3.6688957214  46.2408676147
   3.6688973904  46.2608680725
   3.6688990593  46.2808685303
   3.6689007282  46.3008689880
   3.6689023972  46.3208694458
   3.6689040661  46.3408699036
   3.6689057350  46.3608703613
   3.6689074039  46.3808708191
   3.6689090729  46.4008712769
   3.6689107418  46.4208717346
   3.6689124107  46.4408721924
   3.6689140797  46.4608726501
   3.6689157486  46.4808731079
   3.6689174175  46.5008735657
   3.6689190865  46.5208740234
   3.6689207554  46.5408744812
   3.6689224243  46.5608749390
   3.6689240932  46.5808753967
   3.6689257622  46.6008758545
   3.6689274311  46.6208763123
   3.6689291000  46.6408767700
   3.6689307690  46.6608772278
   3.6689324379  46.6808776855
   3.6689341068  46.7008781433
   3.6689357758  46.7208786011
   3.6689374447  46.7408790588
   3.6689391136  46.7608795166
   3.6689407825  46.7808799744
   3.6689424515  46.8008804321
   3.6689441204  46.8208808899
   3.6689457893  46.8408813477
   3.6689474583  46.8608818054
   3.6689491272  46.8808822632
   3.6689507961  46.9008827209
   3.6689522266  46.9208831787
   3.6689536572  46.9408836365
   3.6689550877  46.9608840942
   3.6689565182  46.9808845520
   3.6689579487  47.0008850098
   3.6689593792  47.0208854675
   3.6689608097  47.0408859253
   3.6689622402  47.0608863831
   3.6689636707  47.0808868408
   3.6689651012  47.1008872986
   3.6689665318  47.1208877563
   3.6689679623  47.1408882141
   3.6689693928  47.1608886719
   3.6689708233  47.1808891296
   3.6689722538  47.2008895874
   3.6689736843  47.2208900452
   3.6689751148  47.2408905029
   3.6689765453  47.2608909607
   3.6689779758  47.2808914185
   3.6689794064  47.3008918762
   3.6689808369  47.3208923340
   3.6689822674  47.3408927917
   3.6689836979  47.3608932495
   3.6689851284  47.3808937073
   3.6689865589  47.4008941650
   3.6689879894  47.4208946228
   3.6689894199  47.4408950806
   3.6689908504  47.4608955383
   3.6689922810  47.4808959961
   3.6689937115  47.5008964539
   3.6689951420  47.5208969116
   3.6689965725  47.5408973694
   3.6689980030  47.5608978271
   3.6689994335  47.5808982849
   3.6690008640  47.6008987427
   3.6690022945  47.6208992004
   3.6690037251  47.6408996582
   3.6690051556  47.6609001160
   3.6690065861  47.6809005737
   3.6690080166  47.7009010315
   3.6690092087  47.7209014893
   3.6690104008  47.7409019470
   3.6690115929  47.7609024048
   3.6690127850  47.7809028625
   3.6690139771  47.8009033203
   3.6690151691  47.8209037781
   3.6690163612  47.8409042358
   3.6690175533  47.8609046936
   3.6690187454  47.8809051514
   3.6690199375  47.9009056091
   3.6690211296  47.9209060669
   3.6690223217  47.9409065247
   3.6690235138  47.9609069824
   3.6690247059  47.9809074402
   3.6690258980  48.0009078979
   3.6690270901  48.0209083557
   3.6690282822  48.0409088135
   3.6690294743  48.0609092712
   3.6690306664  48.0809097290
   3.6690318584  48.1009101868
   3.6690330505  48.1209106445
   3.6690342426  48.1409111023
   3.6690354347  48.1609115601
   3.6690366268  48.1809120178
   3.6690378189  48.2009124756
   3.6690390110  48.2209129333
   3.6690402031  48.2409133911
   3.6690413952  48.2609138489
   3.6690425873  48.2809143066
   3.6690437794  48.3009147644
   3.6690449715  48.3209152222
   3.6690461636  48.3409156799
   3.6690473557  48.3609161377
   3.6690485477  48.3809165955
   3.6690497398  48.4009170532
   3.6690509319  48.4209175110
   3.6690521240  48.4409179688
   3.6690533161  48.4609184265
   3.6690545082  48.4809188843
   3.6690557003  48.5009193420
   3.6690568924  48.5209197998
   3.6690580845  48.5409202576
   3.6690592766  48.5609207153
   3.6690604687  48.5809211731
   3.6690616608  48.6009216309
   3.6690628529  48.6209220886
   3.6690640450  48.6409225464
   3.6690652370  48.6609230042
   3.6690661907  48.6809234619
   3.6690671444  48.7009239197
   3.6690680981  48.7209243774
   3.6690690517  48.7409248352
   3.6690700054  48.7609252930
   3.6690709591  48.7809257507
   3.6690719128  48.8009262085
   3.6690728664  48.8209266663
   3.6690738201  48.8409271240
   3.6690747738  48.8609275818
   3.6690757275  48.8809280396
   3.6690766811  48.9009284973
   3.6690776348  48.9209289551
   3.6690785885  48.9409294128
   3.6690795422  48.9609298706
   3.6690804958  48.9809303284
   3.6690814495  49.0009307861
   3.6690824032  49.0209312439
   3.6690833569  49.0409317017
   3.6690843105  49.0609321594
   3.6690852642  49.0809326172
   3.6690862179  49.1009330750
   3.6690871716  49.1209335327
   3.6690881252  49.1409339905
   3.6690890789  49.1609344482
   3.6690900326  49.1809349060
   3.6690909863  49.2009353638
   3.6690919399  49.2209358215
   3.6690928936  49.2409362793
   3.6690938473  49.2609367371
   3.6690948009  49.2809371948
   3.6690957546  49.3009376526
   3.6690967083  49.3209381104
   3.6690976620  49.3409385681
   3.6690986156  49.3609390259
   3.6690995693  49.3809394836
   3.6691005230  49.4009399414
   3.6691014767  49.4209403992
   3.6691024303  49.4409408569
   3.6691033840  49.4609413147
   3.6691043377  49.4809417725
   3.6691052914  49.5009422302
   3.6691062450  49.5209426880
   3.6691071987  49.5409431458
   3.6691081524  49.5609436035
   3.6691091061  49.5809440613
   3.6691100597  49.6009445190
   3.6691110134  49.6209449768
   3.6691119671  49.6409454346
   3.6691129208  49.6609458923
   3.6691138744  49.6809463501
   3.6691148281  49.7009468079
   3.6691157818  49.7209472656
   3.6691167355  49.7409477234
   3.6691176891  49.7609481812
   3.6691186428  49.7809486389
   3.6691195965  49.8009490967
   3.6691205502  49.8209495544
   3.6691215038  49.8409500122
   3.6691222191  49.8609504700
   3.6691229343  49.8809509277
   3.6691236496  49.9009513855
   3.6691243649  49.9209518433
   3.6691250801  49.9409523010
   3.6691257954  49.9609527588
   3.6691265106  49.9809532166
   3.6691272259  50.0009536743
   3.6691279411  50.0209541321
   3.6691286564  50.0409545898
   3.6691293716  50.0609550476
   3.6691300869  50.0809555054
   3.6691308022  50.1009559631
   3.6691315174  50.1209564209
   3.6691322327  50.1409568787
   3.6691329479  50.1609573364
   3.6691336632  50.1809577942
   3.6691343784  50.2009582520
   3.6691350937  50.2209587097
   3.6691358089  50.2409591675
   3.6691365242  50.2609596252
   3.6691372395  50.2809600830
   3.6691379547  50.3009605408
   3.6691386700  50.3209609985
   3.6691393852  50.3409614563
   3.6691401005  50.3609619141
   3.6691408157  50.3809623718
   3.6691415310  50.4009628296
   3.6691422462  50.4209632874
   3.6691429615  50.4409637451
   3.6691436768  50.4609642029
   3.6691443920  50.4809646606
   3.6691451073  50.5009651184
   3.6691458225  50.5209655762
   3.6691465378  50.5409660339
   3.6691472530  50.5609664917
   3.6691479683  50.5809669495
   3.6691486835  50.6009674072
   3.6691493988  50.6209678650
   3.6691501141  50.6409683228
   3.6691508293  50.6609687805
   3.6691515446  50.6809692383
   3.6691522598  50.7009696960
   3.6691529751  50.7209701538
   3.6691536903  50.7409706116
   3.6691544056  50.7609710693
   3.6691551208  50.7809715271
   3.6691558361  50.8009719849
   3.6691565514  50.8209724426
   3.6691572666  50.8409729004
   3.6691579819  50.8609733582
   3.6691586971  50.8809738159
   3.6691594124  50.9009742737
   3.6691601276  50.9209747314
   3.6691608429  50.9409751892
   3.6691615582  50.9609756470
   3.6691622734  50.9809761047
   3.6691629887  51.0009765625
   3.6691637039  51.0209770203
   3.6691644192  51.0409774780
   3.6691651344  51.0609779358
   3.6691658497  51.0809783936
   3.6691665649  51.1009788513
   3.6691672802  51.1209793091
   3.6691679955  51.1409797668
   3.6691687107  51.1609802246
   3.6691694260  51.1809806824
   3.6691701412  51.2009811401
   3.6691708565  51.2209815979
   3.6691715717  51.2409820557
   3.6691722870  51.2609825134
   3.6691730022  51.2809829712
   3.6691737175  51.3009834290
   3.6691744328  51.3209838867
   3.6691751480  51.3409843445
   3.6691758633  51.3609848022
   3.6691765785  51.3809852600
   3.6691772938  51.4009857178
   3.6691780090  51.4209861755
   3.6691784859  51.4409866333
   3.6691789627  51.4609870911
   3.6691794395  51.4809875488
   3.6691799164  51.5009880066
   3.6691803932  51.5209884644
   3.6691808701  51.5409889221
   3.6691813469  51.5609893799
   3.6691818237  51.5809898376
   3.6691823006  51.6009902954
   3.6691827774  51.6209907532
   3.6691832542  51.6409912109
   3.6691837311  51.6609916687
   3.6691842079  51.6809921265
   3.6691846848  51.7009925842
   3.6691851616  51.7209930420
   3.6691856384  51.7409934998
   3.6691861153  51.7609939575
   3.6691865921  51.7809944153
   3.6691870689  51.8009948730
   3.6691875458  51.8209953308
   3.6691880226  51.8409957886
   3.6691884995  51.8609962463
   3.6691889763  51.8809967041
   3.6691894531  51.9009971619
   3.6691899300  51.9209976196
   3.6691904068  51.9409980774
   3.6691908836  51.9609985352
   3.6691913605  51.9809989929
   3.6691918373  52.0009994507
   3.6691923141  52.0209999084
   3.6691927910  52.0410003662
   3.6691932678  52.0610008240
   3.6691937447  52.0810012817
   3.6691942215  52.1010017395
   3.6691946983  52.1210021973
   3.6691951752  52.1410026550
   3.6691956520  52.1610031128
   3.6691961288  52.1810035706
   3.6691966057  52.2010040283
   3.6691970825  52.2210044861
   3.6691975594  52.2410049438
   3.6691980362  52.2610054016
   3.6691985130  52.2810058594
   3.6691989899  52.3010063171
   3.6691994667  52.3210067749
   3.6691999435  52.3410072327
   3.6692004204  52.3610076904
   3.6692008972  52.3810081482
   3.6692013741  52.4010086060
   3.6692018509  52.4210090637
   3.6692023277  52.4410095215
   3.6692028046  52.4610099792
   3.6692032814  52.4810104370
   3.6692037582  52.5010108948
   3.6692042351  52.5210113525
   3.6692047119  52.5410118103
   3.6692051888  52.5610122681
   3.6692056656  52.5810127258
   3.6692061424  52.6010131836
   3.6692066193  52.6210136414
   3.6692070961  52.6410140991
   3.6692075729  52.6610145569
   3.6692080498  52.6810150146
   3.6692085266  52.7010154724
   3.6692090034  52.7210159302
   3.6692094803  52.7410163879
   3.6692099571  52.7610168457
   3.6692104340  52.7810173035
   3.6692109108  52.8010177612
   3.6692113876  52.8210182190
   3.6692118645  52.8410186768
   3.6692123413  52.8610191345
   3.6692128181  52.8810195923
   3.6692132950  52.9010200500
   3.6692137718  52.9210205078
   3.6692142487  52.9410209656
   3.6692147255  52.9610214233
   3.6692152023  52.9810218811
   3.6692156792  53.0010223389
   3.6692161560  53.0210227966
   3.6692166328  53.0410232544
   3.6692171097  53.0610237122
   3.6692175865  53.0810241699
   3.6692180634  53.1010246277
   3.6692185402  53.1210250854
   3.6692190170  53.1410255432
   3.6692194939  53.1610260010
   3.6692199707  53.1810264587
   3.6692204475  53.2010269165
   3.6692209244  53.2210273743
   3.6692214012  53.2410278320
   3.6692218781  53.2610282898
   3.6692223549  53.2810287476
   3.6692228317  53.3010292053
   3.6692233086  53.3210296631
   3.6692237854  53.3410301208
   3.6692242622  53.3610305786
   3.6692247391  53.3810310364
   3.6692252159  53.4010314941
   3.6692256927  53.4210319519
   3.6692261696  53.4410324097
   3.6692266464  53.4610328674
   3.6692271233  53.4810333252
   3.6692276001  53.5010337830
   3.6692280769  53.5210342407
   3.6692285538  53.5410346985
   3.6692290306  53.5610351562
   3.6692295074  53.5810356140
   3.6692299843  53.6010360718
   3.6692304611  53.6210365295
   3.6692309380  53.6410369873
   3.6692314148  53.6610374451
   3.6692318916  53.6810379028
   3.6692323685  53.7010383606
   3.6692328453  53.7210388184
   3.6692333221  53.7410392761
   3.6692337990  53.7610397339
   3.6692342758  53.7810401917
   3.6692347527  53.8010406494
   3.6692349911  53.8210411072
   3.6692352295  53.8410415649
   3.6692354679  53.8610420227
   3.6692357063  53.8810424805
   3.6692359447  53.9010429382
   3.6692361832  53.9210433960
   3.6692364216  53.9410438538
   3.6692366600  53.9610443115
   3.6692368984  53.9810447693
   3.6692371368  54.0010452271
   3.6692373753  54.0210456848
   3.6692376137  54.0410461426
   3.6692378521  54.0610466003
   3.6692380905  54.0810470581
   3.6692383289  54.1010475159
   3.6692385674  54.1210479736
   3.6692388058  54.1410484314
   3.6692390442  54.1610488892
   3.6692392826  54.1810493469
   3.6692395210  54.2010498047
   3.6692397594  54.2210502625
   3.6692399979  54.2410507202
   3.6692402363  54.2610511780
   3.6692404747  54.2810516357
   3.6692407131  54.3010520935
   3.6692409515  54.3210525513
   3.6692411900  54.3410530090
   3.6692414284  54.3610534668
   3.6692416668  54.3810539246
   3.6692419052  54.4010543823
   3.6692421436  54.4210548401
   3.6692423820  54.4410552979
   3.6692426205  54.4610557556
   3.6692428589  54.4810562134
   3.6692430973  54.5010566711
   3.6692433357  54.5210571289
   3.6692435741  54.5410575867
   3.6692438126  54.5610580444
   3.6692440510  54.5810585022
   3.6692442894  54.6010589600
   3.6692445278  54.6210594177
   3.6692447662  54.6410598755
   3.6692450047  54.6610603333
   3.6692452431  54.6810607910
   3.6692454815  54.7010612488
   3.6692457199  54.7210617065
   3.6692459583  54.7410621643
   3.6692461967  54.7610626221
   3.6692464352  54.7810630798
   3.6692466736  54.8010635376
   3.6692469120  54.8210639954
   3.6692471504  54.8410644531
   3.6692473888  54.8610649109
   3.6692476273  54.8810653687
   3.6692478657  54.9010658264
   3.6692481041  54.9210662842
   3.6692483425  54.9410667419
   3.6692485809  54.9610671997
   3.6692488194  54.9810676575
   3.6692490578  55.0010681152
   3.6692492962  55.0210685730
   3.6692495346  55.0410690308
   3.6692497730  55.0610694885
   3.6692500114  55.0810699463
   3.6692502499  55.1010704041
   3.6692504883  55.1210708618
   3.6692507267  55.1410713196
   3.6692509651  55.1610717773
   3.6692512035  55.1810722351
   3.6692514420  55.2010726929
   3.6692516804  55.2210731506
   3.6692519188  55.2410736084
   3.6692521572  55.2610740662
   3.6692523956  55.2810745239
   3.6692526340  55.3010749817
   3.6692528725  55.3210754395
   3.6692531109  55.3410758972
   3.6692533493  55.3610763550
   3.6692535877  55.3810768127
   3.6692538261  55.4010772705
   3.6692540646  55.4210777283
   3.6692543030  55.4410781860
   3.6692545414  55.4610786438
   3.6692547798  55.4810791016
   3.6692550182  55.5010795593
   3.6692552567  55.5210800171
   3.6692554951  55.5410804749
   3.6692557335  55.5610809326
   3.6692559719  55.5810813904
   3.6692562103  55.6010818481
   3.6692564487  55.6210823059
   3.6692566872  55.6410827637
   3.6692569256  55.6610832214
   3.6692571640  55.6810836792
   3.6692574024  55.7010841370
   3.6692576408  55.7210845947
   3.6692578793  55.7410850525
   3.6692581177  55.7610855103
   3.6692583561  55.7810859680
   3.6692585945  55.8010864258
   3.6692588329  55.8210868835
   3.6692590714  55.8410873413
   3.6692593098  55.8610877991
   3.6692595482  55.8810882568
   3.6692597866  55.9010887146
   3.6692600250  55.9210891724
   3.6692602634  55.9410896301
   3.6692605019  55.9610900879
   3.6692607403  55.9810905457
   3.6692609787  56.0010910034
   3.6692612171  56.0210914612
   3.6692614555  56.0410919189
   3.6692616940  56.0610923767
   3.6692619324  56.0810928345
   3.6692621708  56.1010932922
   3.6692624092  56.1210937500
   3.6692626476  56.1410942078
   3.6692628860  56.1610946655
   3.6692631245  56.1810951233
   3.6692633629  56.2010955811
   3.6692636013  56.2210960388
   3.6692638397  56.2410964966
   3.6692640781  56.2610969543
   3.6692643166  56.2810974121
   3.6692645550  56.3010978699
   3.6692647934  56.3210983276
   3.6692650318  56.3410987854
   3.6692652702  56.3610992432
   3.6692655087  56.3810997009
   3.6692657471  56.4011001587
   3.6692659855  56.4211006165
   3.6692662239  56.4411010742
   3.6692664623  56.4611015320
   3.6692667007  56.4811019897
   3.6692669392  56.5011024475
   3.6692671776  56.5211029053
   3.6692674160  56.5411033630
   3.6692676544  56.5611038208
   3.6692678928  56.5811042786
   3.6692681313  56.6011047363
   3.6692683697  56.6211051941
   3.6692686081  56.6411056519
   3.6692688465  56.6611061096
   3.6692690849  56.6811065674
   3.6692693233  56.7011070251
   3.6692695618  56.7211074829
   3.6692698002  56.7411079407
   3.6692700386  56.7611083984
   3.6692702770  56.7811088562
   3.6692705154  56.8011093140
   3.6692707539  56.8211097717
   3.6692709923  56.8411102295
   3.6692712307  56.8611106873
   3.6692714691  56.8811111450
   3.6692717075  56.9011116028
   3.6692719460  56.9211120605
   3.6692721844  56.9411125183
   3.6692724228  56.9611129761
   3.6692726612  56.9811134338
   3.6692728996  57.0011138916
   3.6692731380  57.0211143494
   3.6692733765  57.0411148071
   3.6692736149  57.0611152649
   3.6692738533  57.0811157227
   3.6692740917  57.1011161804
   3.6692743301  57.1211166382
   3.6692745686  57.1411170959
   3.6692748070  57.1611175537
   3.6692750454  57.1811180115
   3.6692752838  57.2011184692
   3.6692755222  57.2211189270
   3.6692757607  57.2411193848
   3.6692759991  57.2611198425
   3.6692762375  57.2811203003
   3.6692764759  57.3011207581
   3.6692767143  57.3211212158
   3.6692769527  57.3411216736
   3.6692771912  57.3611221313
   3.6692774296  57.3811225891
   3.6692776680  57.4011230469
   3.6692779064  57.4211235046
   3.6692781448  57.4411239624
   3.6692783833  57.4611244202
   3.6692786217  57.4811248779
   3.6692788601  57.5011253357
   3.6692790985  57.5211257935
   3.6692793369  57.5411262512
   3.6692795753  57.5611267090
   3.6692798138  57.5811271667
   3.6692800522  57.6011276245
   3.6692802906  57.6211280823
   3.6692805290  57.6411285400
   3.6692807674  57.6611289978
   3.6692810059  57.6811294556
   3.6692812443  57.7011299133
   3.6692814827  57.7211303711
   3.6692817211  57.7411308289
   3.6692819595  57.7611312866
   3.6692821980  57.7811317444
   3.6692824364  57.8011322021
   3.6692826748  57.8211326599
   3.6692829132  57.8411331177
   3.6692831516  57.8611335754
   3.6692833900  57.8811340332
   3.6692836285  57.9011344910
   3.6692838669  57.9211349487
   3.6692841053  57.9411354065
   3.6692843437  57.9611358643
   3.6692845821  57.9811363220
   3.6692848206  58.0011367798
   3.6692850590  58.0211372375
   3.6692852974  58.0411376953
   3.6692855358  58.0611381531
   3.6692857742  58.0811386108
   3.6692860126  58.1011390686
   3.6692862511  58.1211395264
   3.6692864895  58.1411399841
   3.6692867279  58.1611404419
   3.6692869663  58.1811408997
   3.6692872047  58.2011413574
   3.6692874432  58.2211418152
   3.6692876816  58.2411422729
   3.6692879200  58.2611427307
   3.6692881584  58.2811431885
   3.6692883968  58.3011436462
   3.6692886353  58.3211441040
   3.6692888737  58.3411445618
   3.6692891121  58.3611450195
   3.6692893505  58.3811454773
   3.6692895889  58.4011459351
   3.6692898273  58.4211463928
   3.6692900658  58.4411468506
   3.6692903042  58.4611473083
   3.6692905426  58.4811477661
   3.6692907810  58.5011482239
   3.6692910194  58.5211486816
   3.6692910194  58.5411491394
   3.6692910194  58.5611495972
   3.6692910194  58.5811500549
   3.6692910194  58.6011505127
   3.6692910194  58.6211509705
   3.6692910194  58.6411514282
   3.6692910194  58.6611518860
   3.6692910194  58.6811523438
   3.6692910194  58.7011528015
   3.6692910194  58.7211532593
   3.6692910194  58.7411537170
   3.6692910194  58.7611541748
   3.6692910194  58.7811546326
   3.6692910194  58.8011550903
   3.6692910194  58.8211555481
   3.6692910194  58.8411560059
   3.6692910194  58.8611564636
   3.6692910194  58.8811569214
   3.6692910194  58.9011573792
   3.6692910194  58.9211578369
   3.6692910194  58.9411582947
   3.6692910194  58.9611587524
   3.6692910194  58.9811592102
   3.6692910194  59.0011596680
   3.6692910194  59.0211601257
   3.6692910194  59.0411605835
   3.6692910194  59.0611610413
   3.6692910194  59.0811614990
   3.6692910194  59.1011619568
   3.6692910194  59.1211624146
   3.6692910194  59.1411628723
   3.6692910194  59.1611633301
   3.6692910194  59.1811637878
   3.6692910194  59.2011642456
   3.6692910194  59.2211647034
   3.6692910194  59.2411651611
   3.6692910194  59.2611656189
   3.6692910194  59.2811660767
   3.6692910194  59.3011665344
   3.6692910194  59.3211669922
   3.6692910194  59.3411674500
   3.6692910194  59.3611679077
   3.6692910194  59.3811683655
   3.6692910194  59.4011688232
   3.6692910194  59.4211692810
   3.6692910194  59.4411697388
   3.6692910194  59.4611701965
   3.6692910194  59.4811706543
   3.6692910194  59.5011711121
   3.6692910194  59.5211715698
   3.6692910194  59.5411720276
   3.6692910194  59.5611724854
   3.6692910194  59.5811729431
   3.6692910194  59.6011734009
   3.6692910194  59.6211738586
   3.6692910194  59.6411743164
   3.6692910194  59.6611747742
   3.6692910194  59.6811752319
   3.6692910194  59.7011756897
   3.6692910194  59.7211761475
   3.6692910194  59.7411766052
   3.6692910194  59.7611770630
   3.6692910194  59.7811775208
   3.6692910194  59.8011779785
   3.6692910194  59.8211784363
   3.6692910194  59.8411788940
   3.6692910194  59.8611793518
   3.6692910194  59.8811798096
   3.6692910194  59.9011802673
   3.6692910194  59.9211807251
   3.6692910194  59.9411811829
   3.6692910194  59.9611816406
   3.6692910194  59.9811820984
   3.6692910194  60.0011825562
