   0.0000000000   0.0000000000
   0.0031392002   0.0199999996
   0.0062783775   0.0399999991
   0.0094175078   0.0599999987
   0.0125565706   0.0799999982
   0.0156955477   0.0999999940
   0.0188344233   0.1199999899
   0.0219731797   0.1399999857
   0.0251118019   0.1599999815
   0.0282502733   0.1799999774
   0.0313885808   0.1999999732
   0.0345267095   0.2199999690
   0.0376646444   0.2399999648
   0.0408023708   0.2599999607
   0.0439398736   0.2799999714
   0.0470771417   0.2999999821
   0.0502141602   0.3199999928
   0.0533509180   0.3400000036
   0.0564874001   0.3600000143
   0.0596235916   0.3800000250
   0.0627594814   0.4000000358
   0.0658950582   0.4200000465
   0.0690303072   0.4400000572
   0.0721652135   0.4600000679
   0.0752997696   0.4800000787
   0.0784339607   0.5000000596
   0.0815677717   0.5200000405
   0.0847011954   0.5400000215
   0.0878342167   0.5600000024
   0.0909668207   0.5799999833
   0.0940990001   0.5999999642
   0.0972307399   0.6199999452
   0.1003620252   0.6399999261
   0.1034928486   0.6599999070
   0.1066231951   0.6799998879
   0.1097530574   0.6999998689
   0.1128824204   0.7199998498
   0.1160112694   0.7399998307
   0.1191395968   0.7599998116
   0.1222673878   0.7799997926
   0.1253946275   0.7999997735
   0.1285213232   0.8199997544
   0.1316474378   0.8399997354
   0.1347729713   0.8599997163
   0.1378979087   0.8799996972
   0.1410222501   0.8999996781
   0.1441459805   0.9199996591
   0.1472690850   0.9399996400
   0.1503915489   0.9599996209
   0.1535133570   0.9799996018
   0.1566345096   0.9999995828
   0.1597549766   1.0199996233
   0.1628747731   1.0399996042
   0.1659938693   1.0599995852
   0.1691122651   1.0799995661
   0.1722299308   1.0999995470
   0.1753468663   1.1199995279
   0.1784630716   1.1399995089
   0.1815785170   1.1599994898
   0.1846932024   1.1799994707
   0.1878071129   1.1999994516
   0.1909202486   1.2199994326
   0.1940325797   1.2399994135
   0.1971441060   1.2599993944
   0.2002548128   1.2799993753
   0.2033647001   1.2999993563
   0.2064737380   1.3199993372
   0.2095819265   1.3399993181
   0.2126892656   1.3599992990
   0.2157957256   1.3799992800
   0.2189013064   1.3999992609
   0.2220059931   1.4199992418
   0.2251097709   1.4399992228
   0.2282126397   1.4599992037
   0.2313145846   1.4799991846
   0.2344155908   1.4999991655
   0.2375156432   1.5199991465
   0.2406147420   1.5399991274
   0.2437128723   1.5599991083
   0.2468100190   1.5799990892
   0.2499061823   1.5999990702
   0.2530013621   1.6199990511
   0.2560955286   1.6399990320
   0.2591886520   1.6599990129
   0.2622807622   1.6799989939
   0.2653718293   1.6999989748
   0.2684618235   1.7199989557
   0.2715507746   1.7399989367
   0.2746386528   1.7599989176
   0.2777254283   1.7799988985
   0.2808111310   1.7999988794
   0.2838957310   1.8199988604
   0.2869791985   1.8399988413
   0.2900615633   1.8599988222
   0.2931427956   1.8799988031
   0.2962228656   1.8999987841
   0.2993017733   1.9199987650
   0.3023795187   1.9399987459
   0.3054561019   1.9599987268
   0.3085314929   1.9799987078
   0.3116056919   1.9999986887
   0.3146786690   2.0199987888
   0.3177504539   2.0399987698
   0.3208209872   2.0599987507
   0.3238902986   2.0799987316
   0.3269583583   2.0999987125
   0.3300251663   2.1199986935
   0.3330907226   2.1399986744
   0.3361549973   2.1599986553
   0.3392179906   2.1799986362
   0.3422796726   2.1999986172
   0.3453400433   2.2199985981
   0.3483991027   2.2399985790
   0.3514568508   2.2599985600
   0.3545132577   2.2799985409
   0.3575683236   2.2999985218
   0.3606220186   2.3199985027
   0.3636743724   2.3399984837
   0.3667253256   2.3599984646
   0.3697749078   2.3799984455
   0.3728230894   2.3999984264
   0.3758698702   2.4199984074
   0.3789152503   2.4399983883
   0.3819591999   2.4599983692
   0.3850017190   2.4799983501
   0.3880428076   2.4999983311
   0.3910824358   2.5199983120
   0.3941206038   2.5399982929
   0.3971573114   2.5599982738
   0.4001925290   2.5799982548
   0.4032262564   2.5999982357
   0.4062584937   2.6199982166
   0.4092892110   2.6399981976
   0.4123184085   2.6599981785
   0.4153460860   2.6799981594
   0.4183722138   2.6999981403
   0.4213968217   2.7199981213
   0.4244198501   2.7399981022
   0.4274413288   2.7599980831
   0.4304612279   2.7799980640
   0.4334795475   2.7999980450
   0.4364962876   2.8199980259
   0.4395114183   2.8399980068
   0.4425249398   2.8599979877
   0.4455368519   2.8799979687
   0.4485471249   2.8999979496
   0.4515557587   2.9199979305
   0.4545627534   2.9399979115
   0.4575680792   2.9599978924
   0.4605717659   2.9799978733
   0.4635737836   2.9999978542
   0.4665741026   3.0199978352
   0.4695727229   3.0399978161
   0.4725696445   3.0599977970
   0.4755648673   3.0799977779
   0.4785583615   3.0999977589
   0.4815501273   3.1199977398
   0.4845401645   3.1399977207
   0.4875284731   3.1599977016
   0.4905150235   3.1799976826
   0.4934998155   3.1999976635
   0.4964828193   3.2199976444
   0.4994640648   3.2399976254
   0.5024434924   3.2599976063
   0.5054211617   3.2799975872
   0.5083969831   3.2999975681
   0.5113710165   3.3199975491
   0.5143432617   3.3399975300
   0.5173136592   3.3599975109
   0.5202822089   3.3799974918
   0.5232489109   3.3999974728
   0.5262137651   3.4199974537
   0.5291767716   3.4399974346
   0.5321378708   3.4599974155
   0.5350971222   3.4799973965
   0.5380544662   3.4999973774
   0.5410099030   3.5199973583
   0.5439634323   3.5399973392
   0.5469150543   3.5599973202
   0.5498647690   3.5799973011
   0.5528125167   3.5999972820
   0.5557583570   3.6199972630
   0.5587022305   3.6399972439
   0.5616441369   3.6599972248
   0.5645840764   3.6799972057
   0.5675220490   3.6999971867
   0.5704580545   3.7199971676
   0.5733920932   3.7399971485
   0.5763241053   3.7599971294
   0.5792541504   3.7799971104
   0.5821821690   3.7999970913
   0.5851081610   3.8199970722
   0.5880321264   3.8399970531
   0.5909540653   3.8599970341
   0.5938739777   3.8799970150
   0.5967918038   3.8999969959
   0.5997076035   3.9199969769
   0.6026213169   3.9399969578
   0.6055329442   3.9599969387
   0.6084424853   3.9799969196
   0.6113499403   3.9999969006
   0.6142553091   4.0199971199
   0.6171585917   4.0399971008
   0.6200597286   4.0599970818
   0.6229587793   4.0799970627
   0.6258556843   4.0999970436
   0.6287504435   4.1199970245
   0.6316430569   4.1399970055
   0.6345335245   4.1599969864
   0.6374218464   4.1799969673
   0.6403080225   4.1999969482
   0.6431919932   4.2199969292
   0.6460738182   4.2399969101
   0.6489534378   4.2599968910
   0.6518308520   4.2799968719
   0.6547060609   4.2999968529
   0.6575790644   4.3199968338
   0.6604498625   4.3399968147
   0.6633184552   4.3599967957
   0.6661847830   4.3799967766
   0.6690489054   4.3999967575
   0.6719107628   4.4199967384
   0.6747703552   4.4399967194
   0.6776276827   4.4599967003
   0.6804827452   4.4799966812
   0.6833355427   4.4999966621
   0.6861860752   4.5199966431
   0.6890342832   4.5399966240
   0.6918802261   4.5599966049
   0.6947238445   4.5799965858
   0.6975651979   4.5999965668
   0.7004042268   4.6199965477
   0.7032409310   4.6399965286
   0.7060753107   4.6599965096
   0.7089073658   4.6799964905
   0.7117370367   4.6999964714
   0.7145643830   4.7199964523
   0.7173893452   4.7399964333
   0.7202119827   4.7599964142
   0.7230322361   4.7799963951
   0.7258501053   4.7999963760
   0.7286655903   4.8199963570
   0.7314786911   4.8399963379
   0.7342894077   4.8599963188
   0.7370977402   4.8799962997
   0.7399036288   4.8999962807
   0.7427071333   4.9199962616
   0.7455081940   4.9399962425
   0.7483068109   4.9599962234
   0.7511029840   4.9799962044
   0.7538967729   4.9999961853
   0.7566880584   5.0199961662
   0.7594769001   5.0399961472
   0.7622632980   5.0599961281
   0.7650472522   5.0799961090
   0.7678287029   5.0999960899
   0.7706077099   5.1199960709
   0.7733842134   5.1399960518
   0.7761582136   5.1599960327
   0.7789297104   5.1799960136
   0.7816987038   5.1999959946
   0.7844651937   5.2199959755
   0.7872291803   5.2399959564
   0.7899906635   5.2599959373
   0.7927496433   5.2799959183
   0.7955060601   5.2999958992
   0.7982599139   5.3199958801
   0.8010112643   5.3399958611
   0.8037600517   5.3599958420
   0.8065062761   5.3799958229
   0.8092499375   5.3999958038
   0.8119910359   5.4199957848
   0.8147295713   5.4399957657
   0.8174655437   5.4599957466
   0.8201988935   5.4799957275
   0.8229296803   5.4999957085
   0.8256578445   5.5199956894
   0.8283834457   5.5399956703
   0.8311064243   5.5599956512
   0.8338267803   5.5799956322
   0.8365445137   5.5999956131
   0.8392596245   5.6199955940
   0.8419721127   5.6399955750
   0.8446819782   5.6599955559
   0.8473892212   5.6799955368
   0.8500938416   5.6999955177
   0.8527957797   5.7199954987
   0.8554950953   5.7399954796
   0.8581917286   5.7599954605
   0.8608856797   5.7799954414
   0.8635769486   5.7999954224
   0.8662655950   5.8199954033
   0.8689515591   5.8399953842
   0.8716348410   5.8599953651
   0.8743153811   5.8799953461
   0.8769932389   5.8999953270
   0.8796684146   5.9199953079
   0.8823409081   5.9399952888
   0.8850106597   5.9599952698
   0.8876776695   5.9799952507
   0.8903419971   5.9999952316
   0.8930035830   6.0199952126
   0.8956624269   6.0399951935
   0.8983185291   6.0599951744
   0.9009719491   6.0799951553
   0.9036225677   6.0999951363
   0.9062704444   6.1199951172
   0.9089155793   6.1399950981
   0.9115579724   6.1599950790
   0.9141976237   6.1799950600
   0.9168344736   6.1999950409
   0.9194685817   6.2199950218
   0.9220998883   6.2399950027
   0.9247283936   6.2599949837
   0.9273541570   6.2799949646
   0.9299771190   6.2999949455
   0.9325972795   6.3199949265
   0.9352146387   6.3399949074
   0.9378291965   6.3599948883
   0.9404409528   6.3799948692
   0.9430499077   6.3999948502
   0.9456560016   6.4199948311
   0.9482592940   6.4399948120
   0.9508597851   6.4599947929
   0.9534574151   6.4799947739
   0.9560522437   6.4999947548
   0.9586442113   6.5199947357
   0.9612333179   6.5399947166
   0.9638196230   6.5599946976
   0.9664030671   6.5799946785
   0.9689836502   6.5999946594
   0.9715613723   6.6199946404
   0.9741362333   6.6399946213
   0.9767082334   6.6599946022
   0.9792773724   6.6799945831
   0.9818436503   6.6999945641
   0.9844070077   6.7199945450
   0.9869675040   6.7399945259
   0.9895251393   6.7599945068
   0.9920798540   6.7799944878
   0.9946317077   6.7999944687
   0.9971806407   6.8199944496
   0.9997266531   6.8399944305
   1.0022697449   6.8599944115
   1.0048099756   6.8799943924
   1.0073473454   6.8999943733
   1.0098817348   6.9199943542
   1.0124132633   6.9399943352
   1.0149418116   6.9599943161
   1.0174674988   6.9799942970
   1.0199902058   6.9999942780
   1.0225099325   7.0199942589
   1.0250267982   7.0399942398
   1.0275406837   7.0599942207
   1.0300517082   7.0799942017
   1.0325597525   7.0999941826
   1.0350648165   7.1199941635
   1.0375669003   7.1399941444
   1.0400661230   7.1599941254
   1.0425623655   7.1799941063
   1.0450556278   7.1999940872
   1.0475459099   7.2199940681
   1.0500332117   7.2399940491
   1.0525175333   7.2599940300
   1.0549988747   7.2799940109
   1.0574772358   7.2999939919
   1.0599526167   7.3199939728
   1.0624250174   7.3399939537
   1.0648944378   7.3599939346
   1.0673608780   7.3799939156
   1.0698243380   7.3999938965
   1.0722848177   7.4199938774
   1.0747423172   7.4399938583
   1.0771968365   7.4599938393
   1.0796482563   7.4799938202
   1.0820966959   7.4999938011
   1.0845421553   7.5199937820
   1.0869846344   7.5399937630
   1.0894240141   7.5599937439
   1.0918604136   7.5799937248
   1.0942938328   7.5999937057
   1.0967241526   7.6199936867
   1.0991514921   7.6399936676
   1.1015758514   7.6599936485
   1.1039971113   7.6799936295
   1.1064153910   7.6999936104
   1.1088305712   7.7199935913
   1.1112427711   7.7399935722
   1.1136518717   7.7599935532
   1.1160579920   7.7799935341
   1.1184610128   7.7999935150
   1.1208610535   7.8199934959
   1.1232579947   7.8399934769
   1.1256519556   7.8599934578
   1.1280428171   7.8799934387
   1.1304305792   7.8999934196
   1.1328153610   7.9199934006
   1.1351970434   7.9399933815
   1.1375756264   7.9599933624
   1.1399512291   7.9799933434
   1.1423237324   7.9999933243
   1.1446931362   8.0199937820
   1.1470594406   8.0399942398
   1.1494227648   8.0599946976
   1.1517829895   8.0799951553
   1.1541401148   8.0999956131
   1.1564941406   8.1199960709
   1.1588450670   8.1399965286
   1.1611930132   8.1599969864
   1.1635378599   8.1799974442
   1.1658796072   8.1999979019
   1.1682182550   8.2199983597
   1.1705538034   8.2399988174
   1.1728862524   8.2599992752
   1.1752156019   8.2799997330
   1.1775418520   8.3000001907
   1.1798650026   8.3200006485
   1.1821850538   8.3400011063
   1.1845020056   8.3600015640
   1.1868158579   8.3800020218
   1.1891266108   8.4000024796
   1.1914342642   8.4200029373
   1.1937388182   8.4400033951
   1.1960402727   8.4600038528
   1.1983386278   8.4800043106
   1.2006338835   8.5000047684
   1.2029260397   8.5200052261
   1.2052150965   8.5400056839
   1.2075009346   8.5600061417
   1.2097836733   8.5800065994
   1.2120633125   8.6000070572
   1.2143398523   8.6200075150
   1.2166132927   8.6400079727
   1.2188836336   8.6600084305
   1.2211507559   8.6800088882
   1.2234147787   8.7000093460
   1.2256757021   8.7200098038
   1.2279335260   8.7400102615
   1.2301882505   8.7600107193
   1.2324397564   8.7800111771
   1.2346881628   8.8000116348
   1.2369334698   8.8200120926
   1.2391756773   8.8400125504
   1.2414146662   8.8600130081
   1.2436505556   8.8800134659
   1.2458833456   8.9000139236
   1.2481129169   8.9200143814
   1.2503393888   8.9400148392
   1.2525627613   8.9600152969
   1.2547829151   8.9800157547
   1.2569999695   9.0000162125
   1.2592139244   9.0200166702
   1.2614246607   9.0400171280
   1.2636322975   9.0600175858
   1.2658368349   9.0800180435
   1.2680381536   9.1000185013
   1.2702363729   9.1200189590
   1.2724314928   9.1400194168
   1.2746233940   9.1600198746
   1.2768121958   9.1800203323
   1.2789978981   9.2000207901
   1.2811803818   9.2200212479
   1.2833597660   9.2400217056
   1.2855359316   9.2600221634
   1.2877089977   9.2800226212
   1.2898788452   9.3000230789
   1.2920455933   9.3200235367
   1.2942092419   9.3400239944
   1.2963696718   9.3600244522
   1.2985270023   9.3800249100
   1.3006811142   9.4000253677
   1.3028321266   9.4200258255
   1.3049799204   9.4400262833
   1.3071246147   9.4600267410
   1.3092662096   9.4800271988
   1.3114045858   9.5000276566
   1.3135398626   9.5200281143
   1.3156719208   9.5400285721
   1.3178008795   9.5600290298
   1.3199266195   9.5800294876
   1.3220492601   9.6000299454
   1.3241686821   9.6200304031
   1.3262850046   9.6400308609
   1.3283982277   9.6600313187
   1.3305082321   9.6800317764
   1.3326151371   9.7000322342
   1.3347188234   9.7200326920
   1.3368194103   9.7400331497
   1.3389167786   9.7600336075
   1.3410110474   9.7800340652
   1.3431020975   9.8000345230
   1.3451900482   9.8200349808
   1.3472747803   9.8400354385
   1.3493564129   9.8600358963
   1.3514349461   9.8800363541
   1.3535102606   9.9000368118
   1.3555824757   9.9200372696
   1.3576514721   9.9400377274
   1.3597173691   9.9600381851
   1.3617800474   9.9800386429
   1.3638396263  10.0000391006
   1.3658959866  10.0200395584
   1.3679492474  10.0400400162
   1.3699994087  10.0600404739
   1.3720463514  10.0800409317
   1.3740901947  10.1000413895
   1.3761308193  10.1200418472
   1.3781683445  10.1400423050
   1.3802026510  10.1600427628
   1.3822338581  10.1800432205
   1.3842619658  10.2000436783
   1.3862868547  10.2200441360
   1.3883086443  10.2400445938
   1.3903272152  10.2600450516
   1.3923426867  10.2800455093
   1.3943550587  10.3000459671
   1.3963642120  10.3200464249
   1.3983702660  10.3400468826
   1.4003731012  10.3600473404
   1.4023728371  10.3800477982
   1.4043694735  10.4000482559
   1.4063628912  10.4200487137
   1.4083532095  10.4400491714
   1.4103404284  10.4600496292
   1.4123244286  10.4800500870
   1.4143053293  10.5000505447
   1.4162831306  10.5200510025
   1.4182577133  10.5400514603
   1.4202291965  10.5600519180
   1.4221975803  10.5800523758
   1.4241627455  10.6000528336
   1.4261248112  10.6200532913
   1.4280837774  10.6400537491
   1.4300396442  10.6600542068
   1.4319922924  10.6800546646
   1.4339418411  10.7000551224
   1.4358882904  10.7200555801
   1.4378315210  10.7400560379
   1.4397716522  10.7600564957
   1.4417086840  10.7800569534
   1.4436426163  10.8000574112
   1.4455734491  10.8200578690
   1.4475010633  10.8400583267
   1.4494255781  10.8600587845
   1.4513469934  10.8800592422
   1.4532653093  10.9000597000
   1.4551805258  10.9200601578
   1.4570925236  10.9400606155
   1.4590014219  10.9600610733
   1.4609072208  10.9800615311
   1.4628099203  11.0000619888
   1.4647095203  11.0200624466
   1.4666060209  11.0400629044
   1.4684994221  11.0600633621
   1.4703897238  11.0800638199
   1.4722769260  11.1000642776
   1.4741610289  11.1200647354
   1.4760419130  11.1400651932
   1.4779196978  11.1600656509
   1.4797943830  11.1800661087
   1.4816659689  11.2000665665
   1.4835344553  11.2200670242
   1.4853998423  11.2400674820
   1.4872621298  11.2600679398
   1.4891213179  11.2800683975
   1.4909774065  11.3000688553
   1.4928305149  11.3200693130
   1.4946805239  11.3400697708
   1.4965274334  11.3600702286
   1.4983712435  11.3800706863
   1.5002119541  11.4000711441
   1.5020495653  11.4200716019
   1.5038840771  11.4400720596
   1.5057154894  11.4600725174
   1.5075438023  11.4800729752
   1.5093691349  11.5000734329
   1.5111913681  11.5200738907
   1.5130105019  11.5400743484
   1.5148265362  11.5600748062
   1.5166394711  11.5800752640
   1.5184494257  11.6000757217
   1.5202562809  11.6200761795
   1.5220600367  11.6400766373
   1.5238606930  11.6600770950
   1.5256583691  11.6800775528
   1.5274529457  11.7000780106
   1.5292444229  11.7200784683
   1.5310329199  11.7400789261
   1.5328183174  11.7600793839
   1.5346006155  11.7800798416
   1.5363799334  11.8000802994
   1.5381561518  11.8200807571
   1.5399293900  11.8400812149
   1.5416995287  11.8600816727
   1.5434666872  11.8800821304
   1.5452307463  11.9000825882
   1.5469918251  11.9200830460
   1.5487498045  11.9400835037
   1.5505048037  11.9600839615
   1.5522567034  11.9800844193
   1.5540056229  12.0000848770
   1.5557514429  12.0200853348
   1.5574942827  12.0400857925
   1.5592340231  12.0600862503
   1.5609707832  12.0800867081
   1.5627045631  12.1000871658
   1.5644352436  12.1200876236
   1.5661629438  12.1400880814
   1.5678876638  12.1600885391
   1.5696092844  12.1800889969
   1.5713279247  12.2000894547
   1.5730435848  12.2200899124
   1.5747562647  12.2400903702
   1.5764658451  12.2600908279
   1.5781724453  12.2800912857
   1.5798760653  12.3000917435
   1.5815767050  12.3200922012
   1.5832743645  12.3400926590
   1.5849689245  12.3600931168
   1.5866605043  12.3800935745
   1.5883491039  12.4000940323
   1.5900347233  12.4200944901
   1.5917173624  12.4400949478
   1.5933970213  12.4600954056
   1.5950737000  12.4800958633
   1.5967473984  12.5000963211
   1.5984181166  12.5200967789
   1.6000858545  12.5400972366
   1.6017506123  12.5600976944
   1.6034123898  12.5800981522
   1.6050711870  12.6000986099
   1.6067270041  12.6200990677
   1.6083799601  12.6400995255
   1.6100299358  12.6600999832
   1.6116769314  12.6801004410
   1.6133209467  12.7001008987
   1.6149619818  12.7201013565
   1.6166001558  12.7401018143
   1.6182353497  12.7601022720
   1.6198675632  12.7801027298
   1.6214967966  12.8001031876
   1.6231231689  12.8201036453
   1.6247465611  12.8401041031
   1.6263669729  12.8601045609
   1.6279845238  12.8801050186
   1.6295990944  12.9001054764
   1.6312108040  12.9201059341
   1.6328195333  12.9401063919
   1.6344254017  12.9601068497
   1.6360282898  12.9801073074
   1.6376283169  13.0001077652
   1.6392253637  13.0201082230
   1.6408195496  13.0401086807
   1.6424107552  13.0601091385
   1.6439990997  13.0801095963
   1.6455844641  13.1001100540
   1.6471669674  13.1201105118
   1.6487466097  13.1401109695
   1.6503232718  13.1601114273
   1.6518970728  13.1801118851
   1.6534680128  13.2001123428
   1.6550360918  13.2201128006
   1.6566011906  13.2401132584
   1.6581634283  13.2601137161
   1.6597228050  13.2801141739
   1.6612793207  13.3001146317
   1.6628329754  13.3201150894
   1.6643837690  13.3401155472
   1.6659317017  13.3601160049
   1.6674767733  13.3801164627
   1.6690188646  13.4001169205
   1.6705580950  13.4201173782
   1.6720944643  13.4401178360
   1.6736279726  13.4601182938
   1.6751587391  13.4801187515
   1.6766866446  13.5001192093
   1.6782116890  13.5201196671
   1.6797338724  13.5401201248
   1.6812531948  13.5601205826
   1.6827696562  13.5801210403
   1.6842832565  13.6001214981
   1.6857941151  13.6201219559
   1.6873021126  13.6401224136
   1.6888072491  13.6601228714
   1.6903095245  13.6801233292
   1.6918090582  13.7001237869
   1.6933057308  13.7201242447
   1.6947995424  13.7401247025
   1.6962906122  13.7601251602
   1.6977788210  13.7801256180
   1.6992642879  13.8001260757
   1.7007468939  13.8201265335
   1.7022267580  13.8401269913
   1.7037037611  13.8601274490
   1.7051780224  13.8801279068
   1.7066494226  13.9001283646
   1.7081180811  13.9201288223
   1.7095838785  13.9401292801
   1.7110469341  13.9601297379
   1.7125072479  13.9801301956
   1.7139647007  14.0001306534
   1.7154194117  14.0201311111
   1.7168713808  14.0401315689
   1.7183206081  14.0601320267
   1.7197669744  14.0801324844
   1.7212105989  14.1001329422
   1.7226514816  14.1201334000
   1.7240896225  14.1401338577
   1.7255250216  14.1601343155
   1.7269576788  14.1801347733
   1.7283875942  14.2001352310
   1.7298147678  14.2201356888
   1.7312391996  14.2401361465
   1.7326608896  14.2601366043
   1.7340798378  14.2801370621
   1.7354960442  14.3001375198
   1.7369095087  14.3201379776
   1.7383202314  14.3401384354
   1.7397282124  14.3601388931
   1.7411334515  14.3801393509
   1.7425360680  14.4001398087
   1.7439359426  14.4201402664
   1.7453330755  14.4401407242
   1.7467274666  14.4601411819
   1.7481192350  14.4801416397
   1.7495082617  14.5001420975
   1.7508945465  14.5201425552
   1.7522782087  14.5401430130
   1.7536591291  14.5601434708
   1.7550374269  14.5801439285
   1.7564129829  14.6001443863
   1.7577859163  14.6201448441
   1.7591561079  14.6401453018
   1.7605236769  14.6601457596
   1.7618885040  14.6801462173
   1.7632507086  14.7001466751
   1.7646102905  14.7201471329
   1.7659671307  14.7401475906
   1.7673213482  14.7601480484
   1.7686729431  14.7801485062
   1.7700217962  14.8001489639
   1.7713680267  14.8201494217
   1.7727116346  14.8401498795
   1.7740526199  14.8601503372
   1.7753909826  14.8801507950
   1.7767267227  14.9001512527
   1.7780597210  14.9201517105
   1.7793900967  14.9401521683
   1.7807178497  14.9601526260
   1.7820429802  14.9801530838
   1.7833654881  15.0001535416
   1.7846853733  15.0201539993
   1.7860026360  15.0401544571
   1.7873173952  15.0601549149
   1.7886295319  15.0801553726
   1.7899390459  15.1001558304
   1.7912459373  15.1201562881
   1.7925502062  15.1401567459
   1.7938519716  15.1601572037
   1.7951511145  15.1801576614
   1.7964476347  15.2001581192
   1.7977415323  15.2201585770
   1.7990329266  15.2401590347
   1.8003216982  15.2601594925
   1.8016079664  15.2801599503
   1.8028916121  15.3001604080
   1.8041727543  15.3201608658
   1.8054512739  15.3401613235
   1.8067272902  15.3601617813
   1.8080006838  15.3801622391
   1.8092715740  15.4001626968
   1.8105398417  15.4201631546
   1.8118056059  15.4401636124
   1.8130688667  15.4601640701
   1.8143295050  15.4801645279
   1.8155876398  15.5001649857
   1.8168432713  15.5201654434
   1.8180963993  15.5401659012
   1.8193469048  15.5601663589
   1.8205949068  15.5801668167
   1.8218404055  15.6001672745
   1.8230834007  15.6201677322
   1.8243238926  15.6401681900
   1.8255618811  15.6601686478
   1.8267973661  15.6801691055
   1.8280303478  15.7001695633
   1.8292608261  15.7201700211
   1.8304888010  15.7401704788
   1.8317142725  15.7601709366
   1.8329372406  15.7801713943
   1.8341577053  15.8001718521
   1.8353757858  15.8201723099
   1.8365913630  15.8401727676
   1.8378044367  15.8601732254
   1.8390150070  15.8801736832
   1.8402231932  15.9001741409
   1.8414288759  15.9201745987
   1.8426320553  15.9401750565
   1.8438328505  15.9601755142
   1.8450311422  15.9801759720
   1.8462270498  16.0001754761
   1.8474204540  16.0201759338
   1.8486114740  16.0401763916
   1.8497999907  16.0601768494
   1.8509861231  16.0801773071
   1.8521697521  16.1001777649
   1.8533509970  16.1201782227
   1.8545298576  16.1401786804
   1.8557062149  16.1601791382
   1.8568801880  16.1801795959
   1.8580517769  16.2001800537
   1.8592208624  16.2201805115
   1.8603875637  16.2401809692
   1.8615518808  16.2601814270
   1.8627138138  16.2801818848
   1.8638733625  16.3001823425
   1.8650305271  16.3201828003
   1.8661853075  16.3401832581
   1.8673377037  16.3601837158
   1.8684877157  16.3801841736
   1.8696353436  16.4001846313
   1.8707805872  16.4201850891
   1.8719234467  16.4401855469
   1.8730639219  16.4601860046
   1.8742020130  16.4801864624
   1.8753377199  16.5001869202
   1.8764711618  16.5201873779
   1.8776022196  16.5401878357
   1.8787308931  16.5601882935
   1.8798571825  16.5801887512
   1.8809812069  16.6001892090
   1.8821028471  16.6201896667
   1.8832222223  16.6401901245
   1.8843392134  16.6601905823
   1.8854538202  16.6801910400
   1.8865661621  16.7001914978
   1.8876761198  16.7201919556
   1.8887838125  16.7401924133
   1.8898891211  16.7601928711
   1.8909921646  16.7801933289
   1.8920929432  16.8001937866
   1.8931913376  16.8201942444
   1.8942874670  16.8401947021
   1.8953813314  16.8601951599
   1.8964729309  16.8801956177
   1.8975621462  16.9001960754
   1.8986490965  16.9201965332
   1.8997337818  16.9401969910
   1.9008162022  16.9601974487
   1.9018963575  16.9801979065
   1.9029742479  17.0001983643
   1.9040498734  17.0201988220
   1.9051232338  17.0401992798
   1.9061943293  17.0601997375
   1.9072631598  17.0802001953
   1.9083297253  17.1002006531
   1.9093940258  17.1202011108
   1.9104560614  17.1402015686
   1.9115158319  17.1602020264
   1.9125733376  17.1802024841
   1.9136286974  17.2002029419
   1.9146817923  17.2202033997
   1.9157326221  17.2402038574
   1.9167811871  17.2602043152
   1.9178276062  17.2802047729
   1.9188717604  17.3002052307
   1.9199137688  17.3202056885
   1.9209535122  17.3402061462
   1.9219909906  17.3602066040
   1.9230263233  17.3802070618
   1.9240593910  17.4002075195
   1.9250903130  17.4202079773
   1.9261190891  17.4402084351
   1.9271456003  17.4602088928
   1.9281699657  17.4802093506
   1.9291921854  17.5002098083
   1.9302121401  17.5202102661
   1.9312299490  17.5402107239
   1.9322456121  17.5602111816
   1.9332590103  17.5802116394
   1.9342702627  17.6002120972
   1.9352793694  17.6202125549
   1.9362863302  17.6402130127
   1.9372911453  17.6602134705
   1.9382938147  17.6802139282
   1.9392943382  17.7002143860
   1.9402927160  17.7202148438
   1.9412889481  17.7402153015
   1.9422830343  17.7602157593
   1.9432749748  17.7802162170
   1.9442647696  17.8002166748
   1.9452524185  17.8202171326
   1.9462379217  17.8402175903
   1.9472213984  17.8602180481
   1.9482027292  17.8802185059
   1.9491819143  17.9002189636
   1.9501589537  17.9202194214
   1.9511339664  17.9402198792
   1.9521068335  17.9602203369
   1.9530776739  17.9802207947
   1.9540463686  18.0002212524
   1.9550129175  18.0202217102
   1.9559774399  18.0402221680
   1.9569398165  18.0602226257
   1.9579001665  18.0802230835
   1.9588583708  18.1002235413
   1.9598145485  18.1202239990
   1.9607686996  18.1402244568
   1.9617207050  18.1602249146
   1.9626706839  18.1802253723
   1.9636186361  18.2002258301
   1.9645644426  18.2202262878
   1.9655082226  18.2402267456
   1.9664499760  18.2602272034
   1.9673897028  18.2802276611
   1.9683274031  18.3002281189
   1.9692630768  18.3202285767
   1.9701967239  18.3402290344
   1.9711282253  18.3602294922
   1.9720577002  18.3802299500
   1.9729851484  18.4002304077
   1.9739105701  18.4202308655
   1.9748340845  18.4402313232
   1.9757555723  18.4602317810
   1.9766750336  18.4802322388
   1.9775924683  18.5002326965
   1.9785078764  18.5202331543
   1.9794212580  18.5402336121
   1.9803327322  18.5602340698
   1.9812421799  18.5802345276
   1.9821496010  18.6002349854
   1.9830549955  18.6202354431
   1.9839584827  18.6402359009
   1.9848599434  18.6602363586
   1.9857594967  18.6802368164
   1.9866570234  18.7002372742
   1.9875525236  18.7202377319
   1.9884461164  18.7402381897
   1.9893378019  18.7602386475
   1.9902274609  18.7802391052
   1.9911152124  18.8002395630
   1.9920009375  18.8202400208
   1.9928847551  18.8402404785
   1.9937666655  18.8602409363
   1.9946465492  18.8802413940
   1.9955245256  18.9002418518
   1.9964005947  18.9202423096
   1.9972747564  18.9402427673
   1.9981468916  18.9602432251
   1.9990171194  18.9802436829
   1.9998854399  19.0002441406
   2.0007519722  19.0202445984
   2.0016164780  19.0402450562
   2.0024790764  19.0602455139
   2.0033397675  19.0802459717
   2.0041985512  19.1002464294
   2.0050554276  19.1202468872
   2.0059103966  19.1402473450
   2.0067634583  19.1602478027
   2.0076146126  19.1802482605
   2.0084638596  19.2002487183
   2.0093111992  19.2202491760
   2.0101566315  19.2402496338
   2.0110003948  19.2602500916
   2.0118422508  19.2802505493
   2.0126821995  19.3002510071
   2.0135202408  19.3202514648
   2.0143563747  19.3402519226
   2.0151906013  19.3602523804
   2.0160231590  19.3802528381
   2.0168538094  19.4002532959
   2.0176825523  19.4202537537
   2.0185093880  19.4402542114
   2.0193345547  19.4602546692
   2.0201578140  19.4802551270
   2.0209791660  19.5002555847
   2.0217986107  19.5202560425
   2.0226163864  19.5402565002
   2.0234322548  19.5602569580
   2.0242464542  19.5802574158
   2.0250587463  19.6002578735
   2.0258691311  19.6202583313
   2.0266778469  19.6402587891
   2.0274846554  19.6602592468
   2.0282895565  19.6802597046
   2.0290927887  19.7002601624
   2.0298941135  19.7202606201
   2.0306937695  19.7402610779
   2.0314915180  19.7602615356
   2.0322875977  19.7802619934
   2.0330817699  19.8002624512
   2.0338742733  19.8202629089
   2.0346648693  19.8402633667
   2.0354537964  19.8602638245
   2.0362410545  19.8802642822
   2.0370264053  19.9002647400
   2.0378100872  19.9202651978
   2.0385918617  19.9402656555
   2.0393719673  19.9602661133
   2.0401504040  19.9802665710
   2.0409269333  20.0002670288
   2.0417017937  20.0202674866
   2.0424749851  20.0402679443
   2.0432462692  20.0602684021
   2.0440158844  20.0802688599
   2.0447838306  20.1002693176
   2.0455498695  20.1202697754
   2.0463142395  20.1402702332
   2.0470769405  20.1602706909
   2.0478379726  20.1802711487
   2.0485970974  20.2002716064
   2.0493545532  20.2202720642
   2.0501103401  20.2402725220
   2.0508644581  20.2602729797
   2.0516169071  20.2802734375
   2.0523676872  20.3002738953
   2.0531165600  20.3202743530
   2.0538637638  20.3402748108
   2.0546092987  20.3602752686
   2.0553531647  20.3802757263
   2.0560953617  20.4002761841
   2.0568358898  20.4202766418
   2.0575747490  20.4402770996
   2.0583119392  20.4602775574
   2.0590474606  20.4802780151
   2.0597813129  20.5002784729
   2.0605134964  20.5202789307
   2.0612440109  20.5402793884
   2.0619728565  20.5602798462
   2.0627000332  20.5802803040
   2.0634255409  20.6002807617
   2.0641493797  20.6202812195
   2.0648715496  20.6402816772
   2.0655920506  20.6602821350
   2.0663108826  20.6802825928
   2.0670280457  20.7002830505
   2.0677437782  20.7202835083
   2.0684578419  20.7402839661
   2.0691702366  20.7602844238
   2.0698809624  20.7802848816
   2.0705900192  20.8002853394
   2.0712974072  20.8202857971
   2.0720033646  20.8402862549
   2.0727076530  20.8602867126
   2.0734102726  20.8802871704
   2.0741112232  20.9002876282
   2.0748107433  20.9202880859
   2.0755085945  20.9402885437
   2.0762047768  20.9602890015
   2.0768995285  20.9802894592
   2.0775926113  21.0002899170
   2.0782840252  21.0202903748
   2.0789740086  21.0402908325
   2.0796623230  21.0602912903
   2.0803489685  21.0802917480
   2.0810341835  21.1002922058
   2.0817177296  21.1202926636
   2.0823998451  21.1402931213
   2.0830802917  21.1602935791
   2.0837590694  21.1802940369
   2.0844364166  21.2002944946
   2.0851120949  21.2202949524
   2.0857863426  21.2402954102
   2.0864589214  21.2602958679
   2.0871300697  21.2802963257
   2.0877995491  21.3002967834
   2.0884675980  21.3202972412
   2.0891339779  21.3402976990
   2.0897989273  21.3602981567
   2.0904624462  21.3802986145
   2.0911242962  21.4002990723
   2.0917847157  21.4202995300
   2.0924434662  21.4402999878
   2.0931007862  21.4603004456
   2.0937566757  21.4803009033
   2.0944108963  21.5003013611
   2.0950636864  21.5203018188
   2.0957150459  21.5403022766
   2.0963647366  21.5603027344
   2.0970129967  21.5803031921
   2.0976598263  21.6003036499
   2.0983049870  21.6203041077
   2.0989487171  21.6403045654
   2.0995910168  21.6603050232
   2.1002318859  21.6803054810
   2.1008710861  21.7003059387
   2.1015088558  21.7203063965
   2.1021451950  21.7403068542
   2.1027801037  21.7603073120
   2.1034135818  21.7803077698
   2.1040453911  21.8003082275
   2.1046757698  21.8203086853
   2.1053047180  21.8403091431
   2.1059322357  21.8603096008
   2.1065583229  21.8803100586
   2.1071829796  21.9003105164
   2.1078062057  21.9203109741
   2.1084280014  21.9403114319
   2.1090483665  21.9603118896
   2.1096673012  21.9803123474
   2.1102848053  22.0003128052
   2.1109008789  22.0203132629
   2.1115152836  22.0403137207
   2.1121282578  22.0603141785
   2.1127398014  22.0803146362
   2.1133501530  22.1003150940
   2.1139590740  22.1203155518
   2.1145665646  22.1403160095
   2.1151726246  22.1603164673
   2.1157772541  22.1803169250
   2.1163804531  22.2003173828
   2.1169822216  22.2203178406
   2.1175825596  22.2403182983
   2.1181814671  22.2603187561
   2.1187789440  22.2803192139
   2.1193749905  22.3003196716
   2.1199698448  22.3203201294
   2.1205632687  22.3403205872
   2.1211552620  22.3603210449
   2.1217458248  22.3803215027
   2.1223349571  22.4003219604
   2.1229228973  22.4203224182
   2.1235094070  22.4403228760
   2.1240944862  22.4603233337
   2.1246781349  22.4803237915
   2.1252605915  22.5003242493
   2.1258416176  22.5203247070
   2.1264212132  22.5403251648
   2.1269993782  22.5603256226
   2.1275763512  22.5803260803
   2.1281518936  22.6003265381
   2.1287260056  22.6203269958
   2.1292989254  22.6403274536
   2.1298704147  22.6603279114
   2.1304404736  22.6803283691
   2.1310093403  22.7003288269
   2.1315767765  22.7203292847
   2.1321430206  22.7403297424
   2.1327078342  22.7603302002
   2.1332712173  22.7803306580
   2.1338334084  22.8003311157
   2.1343941689  22.8203315735
   2.1349537373  22.8403320312
   2.1355118752  22.8603324890
   2.1360688210  22.8803329468
   2.1366243362  22.9003334045
   2.1371786594  22.9203338623
   2.1377315521  22.9403343201
   2.1382832527  22.9603347778
   2.1388335228  22.9803352356
   2.1393826008  23.0003356934
   2.1399304867  23.0203361511
   2.1404769421  23.0403366089
   2.1410222054  23.0603370667
   2.1415660381  23.0803375244
   2.1421086788  23.1003379822
   2.1426501274  23.1203384399
   2.1431901455  23.1403388977
   2.1437289715  23.1603393555
   2.1442666054  23.1803398132
   2.1448028088  23.2003402710
   2.1453378201  23.2203407288
   2.1458716393  23.2403411865
   2.1464040279  23.2603416443
   2.1469352245  23.2803421021
   2.1474652290  23.3003425598
   2.1479938030  23.3203430176
   2.1485211849  23.3403434753
   2.1490473747  23.3603439331
   2.1495723724  23.3803443909
   2.1500961781  23.4003448486
   2.1506185532  23.4203453064
   2.1511397362  23.4403457642
   2.1516597271  23.4603462219
   2.1521785259  23.4803466797
   2.1526961327  23.5003471375
   2.1532123089  23.5203475952
   2.1537272930  23.5403480530
   2.1542410851  23.5603485107
   2.1547536850  23.5803489685
   2.1552650928  23.6003494263
   2.1557753086  23.6203498840
   2.1562843323  23.6403503418
   2.1567921638  23.6603507996
   2.1572988033  23.6803512573
   2.1578042507  23.7003517151
   2.1583085060  23.7203521729
   2.1588115692  23.7403526306
   2.1593134403  23.7603530884
   2.1598141193  23.7803535461
   2.1603136063  23.8003540039
   2.1608119011  23.8203544617
   2.1613090038  23.8403549194
   2.1618049145  23.8603553772
   2.1622996330  23.8803558350
   2.1627931595  23.9003562927
   2.1632854939  23.9203567505
   2.1637766361  23.9403572083
   2.1642665863  23.9603576660
   2.1647553444  23.9803581238
   2.1652429104  24.0003585815
   2.1657292843  24.0203590393
   2.1662144661  24.0403594971
   2.1666986942  24.0603599548
   2.1671817303  24.0803604126
   2.1676635742  24.1003608704
   2.1681442261  24.1203613281
   2.1686236858  24.1403617859
   2.1691019535  24.1603622437
   2.1695792675  24.1803627014
   2.1700553894  24.2003631592
   2.1705303192  24.2203636169
   2.1710040569  24.2403640747
   2.1714768410  24.2603645325
   2.1719484329  24.2803649902
   2.1724188328  24.3003654480
   2.1728880405  24.3203659058
   2.1733562946  24.3403663635
   2.1738233566  24.3603668213
   2.1742892265  24.3803672791
   2.1747541428  24.4003677368
   2.1752178669  24.4203681946
   2.1756803989  24.4403686523
   2.1761419773  24.4603691101
   2.1766023636  24.4803695679
   2.1770615578  24.5003700256
   2.1775197983  24.5203704834
   2.1779768467  24.5403709412
   2.1784327030  24.5603713989
   2.1788876057  24.5803718567
   2.1793413162  24.6003723145
   2.1797940731  24.6203727722
   2.1802456379  24.6403732300
   2.1806962490  24.6603736877
   2.1811456680  24.6803741455
   2.1815941334  24.7003746033
   2.1820414066  24.7203750610
   2.1824877262  24.7403755188
   2.1829328537  24.7603759766
   2.1833770275  24.7803764343
   2.1838200092  24.8003768921
   2.1842620373  24.8203773499
   2.1847028732  24.8403778076
   2.1851427555  24.8603782654
   2.1855814457  24.8803787231
   2.1860191822  24.9003791809
   2.1864557266  24.9203796387
   2.1868913174  24.9403800964
   2.1873259544  24.9603805542
   2.1877593994  24.9803810120
   2.1881918907  25.0003814697
   2.1886231899  25.0203819275
   2.1890535355  25.0403823853
   2.1894829273  25.0603828430
   2.1899111271  25.0803833008
   2.1903383732  25.1003837585
   2.1907646656  25.1203842163
   2.1911897659  25.1403846741
   2.1916139126  25.1603851318
   2.1920371056  25.1803855896
   2.1924593449  25.2003860474
   2.1928803921  25.2203865051
   2.1933004856  25.2403869629
   2.1937196255  25.2603874207
   2.1941375732  25.2803878784
   2.1945545673  25.3003883362
   2.1949706078  25.3203887939
   2.1953856945  25.3403892517
   2.1957998276  25.3603897095
   2.1962127686  25.3803901672
   2.1966247559  25.4003906250
   2.1970357895  25.4203910828
   2.1974458694  25.4403915405
   2.1978549957  25.4603919983
   2.1982631683  25.4803924561
   2.1986701488  25.5003929138
   2.1990761757  25.5203933716
   2.1994812489  25.5403938293
   2.1998853683  25.5603942871
   2.2002885342  25.5803947449
   2.2006907463  25.6003952026
   2.2010920048  25.6203956604
   2.2014923096  25.6403961182
   2.2018916607  25.6603965759
   2.2022898197  25.6803970337
   2.2026870251  25.7003974915
   2.2030832767  25.7203979492
   2.2034785748  25.7403984070
   2.2038729191  25.7603988647
   2.2042663097  25.7803993225
   2.2046587467  25.8003997803
   2.2050502300  25.8204002380
   2.2054407597  25.8404006958
   2.2058303356  25.8604011536
   2.2062189579  25.8804016113
   2.2066066265  25.9004020691
   2.2069933414  25.9204025269
   2.2073793411  25.9404029846
   2.2077643871  25.9604034424
   2.2081484795  25.9804039001
   2.2085316181  26.0004043579
   2.2089138031  26.0204048157
   2.2092950344  26.0404052734
   2.2096753120  26.0604057312
   2.2100546360  26.0804061890
   2.2104330063  26.1004066467
   2.2108104229  26.1204071045
   2.2111871243  26.1404075623
   2.2115628719  26.1604080200
   2.2119376659  26.1804084778
   2.2123115063  26.2004089355
   2.2126843929  26.2204093933
   2.2130563259  26.2404098511
   2.2134275436  26.2604103088
   2.2137978077  26.2804107666
   2.2141671181  26.3004112244
   2.2145354748  26.3204116821
   2.2149031162  26.3404121399
   2.2152698040  26.3604125977
   2.2156355381  26.3804130554
   2.2160003185  26.4004135132
   2.2163643837  26.4204139709
   2.2167274952  26.4404144287
   2.2170896530  26.4604148865
   2.2174508572  26.4804153442
   2.2178113461  26.5004158020
   2.2181708813  26.5204162598
   2.2185294628  26.5404167175
   2.2188873291  26.5604171753
   2.2192442417  26.5804176331
   2.2196002007  26.6004180908
   2.2199554443  26.6204185486
   2.2203097343  26.6404190063
   2.2206630707  26.6604194641
   2.2210156918  26.6804199219
   2.2213673592  26.7004203796
   2.2217183113  26.7204208374
   2.2220683098  26.7404212952
   2.2224173546  26.7604217529
   2.2227656841  26.7804222107
   2.2231130600  26.8004226685
   2.2234597206  26.8204231262
   2.2238054276  26.8404235840
   2.2241504192  26.8604240417
   2.2244944572  26.8804244995
   2.2248375416  26.9004249573
   2.2251799107  26.9204254150
   2.2255213261  26.9404258728
   2.2258620262  26.9604263306
   2.2262017727  26.9804267883
   2.2265408039  27.0004272461
   2.2268788815  27.0204277039
   2.2272162437  27.0404281616
   2.2275526524  27.0604286194
   2.2278883457  27.0804290771
   2.2282233238  27.1004295349
   2.2285573483  27.1204299927
   2.2288906574  27.1404304504
   2.2292230129  27.1604309082
   2.2295546532  27.1804313660
   2.2298853397  27.2004318237
   2.2302153111  27.2204322815
   2.2305445671  27.2404327393
   2.2308728695  27.2604331970
   2.2312004566  27.2804336548
   2.2315270901  27.3004341125
   2.2318530083  27.3204345703
   2.2321782112  27.3404350281
   2.2325024605  27.3604354858
   2.2328259945  27.3804359436
   2.2331488132  27.4004364014
   2.2334706783  27.4204368591
   2.2337918282  27.4404373169
   2.2341122627  27.4604377747
   2.2344317436  27.4804382324
   2.2347505093  27.5004386902
   2.2350685596  27.5204391479
   2.2353858948  27.5404396057
   2.2357022762  27.5604400635
   2.2360179424  27.5804405212
   2.2363328934  27.6004409790
   2.2366471291  27.6204414368
   2.2369604111  27.6404418945
   2.2372729778  27.6604423523
   2.2375848293  27.6804428101
   2.2378959656  27.7004432678
   2.2382061481  27.7204437256
   2.2385156155  27.7404441833
   2.2388243675  27.7604446411
   2.2391324043  27.7804450989
   2.2394397259  27.8004455566
   2.2397460938  27.8204460144
   2.2400517464  27.8404464722
   2.2403566837  27.8604469299
   2.2406609058  27.8804473877
   2.2409644127  27.9004478455
   2.2412672043  27.9204483032
   2.2415692806  27.9404487610
   2.2418704033  27.9604492188
   2.2421708107  27.9804496765
   2.2424705029  28.0004501343
   2.2427694798  28.0204505920
   2.2430677414  28.0404510498
   2.2433652878  28.0604515076
   2.2436621189  28.0804519653
   2.2439582348  28.1004524231
   2.2442536354  28.1204528809
   2.2445483208  28.1404533386
   2.2448422909  28.1604537964
   2.2451355457  28.1804542542
   2.2454278469  28.2004547119
   2.2457194328  28.2204551697
   2.2460103035  28.2404556274
   2.2463004589  28.2604560852
   2.2465898991  28.2804565430
   2.2468786240  28.3004570007
   2.2471666336  28.3204574585
   2.2474539280  28.3404579163
   2.2477405071  28.3604583740
   2.2480263710  28.3804588318
   2.2483117580  28.4004592896
   2.2485964298  28.4204597473
   2.2488803864  28.4404602051
   2.2491636276  28.4604606628
   2.2494461536  28.4804611206
   2.2497279644  28.5004615784
   2.2500090599  28.5204620361
   2.2502894402  28.5404624939
   2.2505691051  28.5604629517
   2.2508480549  28.5804634094
   2.2511262894  28.6004638672
   2.2514038086  28.6204643250
   2.2516806126  28.6404647827
   2.2519569397  28.6604652405
   2.2522325516  28.6804656982
   2.2525074482  28.7004661560
   2.2527816296  28.7204666138
   2.2530550957  28.7404670715
   2.2533278465  28.7604675293
   2.2535998821  28.7804679871
   2.2538714409  28.8004684448
   2.2541422844  28.8204689026
   2.2544124126  28.8404693604
   2.2546818256  28.8604698181
   2.2549505234  28.8804702759
   2.2552187443  28.9004707336
   2.2554862499  28.9204711914
   2.2557530403  28.9404716492
   2.2560191154  28.9604721069
   2.2562844753  28.9804725647
   2.2565493584  29.0004730225
   2.2568135262  29.0204734802
   2.2570769787  29.0404739380
   2.2573397160  29.0604743958
   2.2576019764  29.0804748535
   2.2578635216  29.1004753113
   2.2581243515  29.1204757690
   2.2583844662  29.1404762268
   2.2586441040  29.1604766846
   2.2589030266  29.1804771423
   2.2591612339  29.2004776001
   2.2594189644  29.2204780579
   2.2596759796  29.2404785156
   2.2599322796  29.2604789734
   2.2601881027  29.2804794312
   2.2604432106  29.3004798889
   2.2606976032  29.3204803467
   2.2609515190  29.3404808044
   2.2612047195  29.3604812622
   2.2614572048  29.3804817200
   2.2617092133  29.4004821777
   2.2619605064  29.4204826355
   2.2622110844  29.4404830933
   2.2624611855  29.4604835510
   2.2627105713  29.4804840088
   2.2629594803  29.5004844666
   2.2632076740  29.5204849243
   2.2634551525  29.5404853821
   2.2637021542  29.5604858398
   2.2639484406  29.5804862976
   2.2641942501  29.6004867554
   2.2644393444  29.6204872131
   2.2646839619  29.6404876709
   2.2649278641  29.6604881287
   2.2651710510  29.6804885864
   2.2654137611  29.7004890442
   2.2656557560  29.7204895020
   2.2658972740  29.7404899597
   2.2661380768  29.7604904175
   2.2663784027  29.7804908752
   2.2666180134  29.8004913330
   2.2668571472  29.8204917908
   2.2670955658  29.8404922485
   2.2673335075  29.8604927063
   2.2675707340  29.8804931641
   2.2678074837  29.9004936218
   2.2680435181  29.9204940796
   2.2682790756  29.9404945374
   2.2685139179  29.9604949951
   2.2687482834  29.9804954529
   2.2689821720  30.0004959106
   2.2692153454  30.0204963684
   2.2694480419  30.0404968262
   2.2696800232  30.0604972839
   2.2699115276  30.0804977417
   2.2701423168  30.1004981995
   2.2703726292  30.1204986572
   2.2706024647  30.1404991150
   2.2708315849  30.1604995728
   2.2710602283  30.1805000305
   2.2712881565  30.2005004883
   2.2715156078  30.2205009460
   2.2717425823  30.2405014038
   2.2719688416  30.2605018616
   2.2721946239  30.2805023193
   2.2724196911  30.3005027771
   2.2726442814  30.3205032349
   2.2728683949  30.3405036926
   2.2730917931  30.3605041504
   2.2733147144  30.3805046082
   2.2735371590  30.4005050659
   2.2737588882  30.4205055237
   2.2739801407  30.4405059814
   2.2742009163  30.4605064392
   2.2744209766  30.4805068970
   2.2746405602  30.5005073547
   2.2748596668  30.5205078125
   2.2750780582  30.5405082703
   2.2752959728  30.5605087280
   2.2755134106  30.5805091858
   2.2757303715  30.6005096436
   2.2759466171  30.6205101013
   2.2761623859  30.6405105591
   2.2763776779  30.6605110168
   2.2765924931  30.6805114746
   2.2768065929  30.7005119324
   2.2770202160  30.7205123901
   2.2772333622  30.7405128479
   2.2774460316  30.7605133057
   2.2776579857  30.7805137634
   2.2778694630  30.8005142212
   2.2780804634  30.8205146790
   2.2782909870  30.8405151367
   2.2785007954  30.8605155945
   2.2787101269  30.8805160522
   2.2789189816  30.9005165100
   2.2791273594  30.9205169678
   2.2793352604  30.9405174255
   2.2795424461  30.9605178833
   2.2797491550  30.9805183411
   2.2799553871  31.0005187988
   2.2801611423  31.0205192566
   2.2803664207  31.0405197144
   2.2805712223  31.0605201721
   2.2807753086  31.0805206299
   2.2809789181  31.1005210876
   2.2811820507  31.1205215454
   2.2813847065  31.1405220032
   2.2815868855  31.1605224609
   2.2817885876  31.1805229187
   2.2819898129  31.2005233765
   2.2821903229  31.2205238342
   2.2823903561  31.2405242920
   2.2825899124  31.2605247498
   2.2827889919  31.2805252075
   2.2829875946  31.3005256653
   2.2831857204  31.3205261230
   2.2833833694  31.3405265808
   2.2835805416  31.3605270386
   2.2837772369  31.3805274963
   2.2839734554  31.4005279541
   2.2841691971  31.4205284119
   2.2843644619  31.4405288696
   2.2845590115  31.4605293274
   2.2847530842  31.4805297852
   2.2849466801  31.5005302429
   2.2851397991  31.5205307007
   2.2853324413  31.5405311584
   2.2855246067  31.5605316162
   2.2857162952  31.5805320740
   2.2859075069  31.6005325317
   2.2860982418  31.6205329895
   2.2862884998  31.6405334473
   2.2864782810  31.6605339050
   2.2866675854  31.6805343628
   2.2868564129  31.7005348206
   2.2870447636  31.7205352783
   2.2872326374  31.7405357361
   2.2874200344  31.7605361938
   2.2876069546  31.7805366516
   2.2877933979  31.8005371094
   2.2879793644  31.8205375671
   2.2881648540  31.8405380249
   2.2883498669  31.8605384827
   2.2885344028  31.8805389404
   2.2887184620  31.9005393982
   2.2889022827  31.9205398560
   2.2890856266  31.9405403137
   2.2892684937  31.9605407715
   2.2894508839  31.9805412292
   2.2896327972  32.0005416870
   2.2898142338  32.0205421448
   2.2899951935  32.0405426025
   2.2901756763  32.0605430603
   2.2903556824  32.0805435181
   2.2905352116  32.1005439758
   2.2907142639  32.1205444336
   2.2908928394  32.1405448914
   2.2910711765  32.1605453491
   2.2912490368  32.1805458069
   2.2914264202  32.2005462646
   2.2916033268  32.2205467224
   2.2917797565  32.2405471802
   2.2919557095  32.2605476379
   2.2921311855  32.2805480957
   2.2923061848  32.3005485535
   2.2924809456  32.3205490112
   2.2926552296  32.3405494690
   2.2928290367  32.3605499268
   2.2930023670  32.3805503845
   2.2931752205  32.4005508423
   2.2933475971  32.4205513000
   2.2935197353  32.4405517578
   2.2936913967  32.4605522156
   2.2938625813  32.4805526733
   2.2940332890  32.5005531311
   2.2942035198  32.5205535889
   2.2943735123  32.5405540466
   2.2945430279  32.5605545044
   2.2947120667  32.5805549622
   2.2948806286  32.6005554199
   2.2950487137  32.6205558777
   2.2952165604  32.6405563354
   2.2953839302  32.6605567932
   2.2955508232  32.6805572510
   2.2957172394  32.7005577087
   2.2958834171  32.7205581665
   2.2960491180  32.7405586243
   2.2962143421  32.7605590820
   2.2963790894  32.7805595398
   2.2965435982  32.8005599976
   2.2967076302  32.8205604553
   2.2968711853  32.8405609131
   2.2970342636  32.8605613708
   2.2971971035  32.8805618286
   2.2973594666  32.9005622864
   2.2975213528  32.9205627441
   2.2976827621  32.9405632019
   2.2978439331  32.9605636597
   2.2980046272  32.9805641174
   2.2981648445  33.0005645752
   2.2983248234  33.0205650330
   2.2984843254  33.0405654907
   2.2986433506  33.0605659485
   2.2988021374  33.0805664062
   2.2989604473  33.1005668640
   2.2991182804  33.1205673218
   2.2992758751  33.1405677795
   2.2994329929  33.1605682373
   2.2995896339  33.1805686951
   2.2997460365  33.2005691528
   2.2999019623  33.2205696106
   2.3000574112  33.2405700684
   2.3002126217  33.2605705261
   2.3003673553  33.2805709839
   2.3005216122  33.3005714417
   2.3006756306  33.3205718994
   2.3008291721  33.3405723572
   2.3009822369  33.3605728149
   2.3011350632  33.3805732727
   2.3012874126  33.4005737305
   2.3014392853  33.4205741882
   2.3015909195  33.4405746460
   2.3017420769  33.4605751038
   2.3018929958  33.4805755615
   2.3020434380  33.5005760193
   2.3021934032  33.5205764771
   2.3023431301  33.5405769348
   2.3024923801  33.5605773926
   2.3026413918  33.5805778503
   2.3027899265  33.6005783081
   2.3029382229  33.6205787659
   2.3030860424  33.6405792236
   2.3032333851  33.6605796814
   2.3033804893  33.6805801392
   2.3035271168  33.7005805969
   2.3036735058  33.7205810547
   2.3038194180  33.7405815125
   2.3039650917  33.7605819702
   2.3041102886  33.7805824280
   2.3042552471  33.8005828857
   2.3043997288  33.8205833435
   2.3045437336  33.8405838013
   2.3046875000  33.8605842590
   2.3048307896  33.8805847168
   2.3049738407  33.9005851746
   2.3051164150  33.9205856323
   2.3052587509  33.9405860901
   2.3054006100  33.9605865479
   2.3055422306  33.9805870056
   2.3056833744  34.0005874634
   2.3058242798  34.0205879211
   2.3059647083  34.0405883789
   2.3061048985  34.0605888367
   2.3062446117  34.0805892944
   2.3063840866  34.1005897522
   2.3065230846  34.1205902100
   2.3066618443  34.1405906677
   2.3068001270  34.1605911255
   2.3069381714  34.1805915833
   2.3070757389  34.2005920410
   2.3072130680  34.2205924988
   2.3073501587  34.2405929565
   2.3074867725  34.2605934143
   2.3076231480  34.2805938721
   2.3077590466  34.3005943298
   2.3078947067  34.3205947876
   2.3080298901  34.3405952454
   2.3081648350  34.3605957031
   2.3082993031  34.3805961609
   2.3084335327  34.4005966187
   2.3085675240  34.4205970764
   2.3087010384  34.4405975342
   2.3088343143  34.4605979919
   2.3089671135  34.4805984497
   2.3090996742  34.5005989075
   2.3092317581  34.5205993652
   2.3093636036  34.5405998230
   2.3094952106  34.5606002808
   2.3096263409  34.5806007385
   2.3097572327  34.6006011963
   2.3098876476  34.6206016541
   2.3100178242  34.6406021118
   2.3101477623  34.6606025696
   2.3102772236  34.6806030273
   2.3104064465  34.7006034851
   2.3105354309  34.7206039429
   2.3106639385  34.7406044006
   2.3107922077  34.7606048584
   2.3109200001  34.7806053162
   2.3110475540  34.8006057739
   2.3111748695  34.8206062317
   2.3113017082  34.8406066895
   2.3114283085  34.8606071472
   2.3115546703  34.8806076050
   2.3116805553  34.9006080627
   2.3118062019  34.9206085205
   2.3119316101  34.9406089783
   2.3120565414  34.9606094360
   2.3121812344  34.9806098938
   2.3123056889  35.0006103516
   2.3124296665  35.0206108093
   2.3125534058  35.0406112671
   2.3126769066  35.0606117249
   2.3127999306  35.0806121826
   2.3129227161  35.1006126404
   2.3130452633  35.1206130981
   2.3131673336  35.1406135559
   2.3132891655  35.1606140137
   2.3134107590  35.1806144714
   2.3135318756  35.2006149292
   2.3136527538  35.2206153870
   2.3137733936  35.2406158447
   2.3138937950  35.2606163025
   2.3140137196  35.2806167603
   2.3141334057  35.3006172180
   2.3142528534  35.3206176758
   2.3143718243  35.3406181335
   2.3144905567  35.3606185913
   2.3146090508  35.3806190491
   2.3147273064  35.4006195068
   2.3148450851  35.4206199646
   2.3149626255  35.4406204224
   2.3150799274  35.4606208801
   2.3151969910  35.4806213379
   2.3153135777  35.5006217957
   2.3154299259  35.5206222534
   2.3155460358  35.5406227112
   2.3156619072  35.5606231689
   2.3157773018  35.5806236267
   2.3158924580  35.6006240845
   2.3160073757  35.6206245422
   2.3161220551  35.6406250000
   2.3162364960  35.6606254578
   2.3163504601  35.6806259155
   2.3164641857  35.7006263733
   2.3165776730  35.7206268311
   2.3166909218  35.7406272888
   2.3168036938  35.7606277466
   2.3169162273  35.7806282043
   2.3170285225  35.8006286621
   2.3171405792  35.8206291199
   2.3172523975  35.8406295776
   2.3173637390  35.8606300354
   2.3174748421  35.8806304932
   2.3175857067  35.9006309509
   2.3176963329  35.9206314087
   2.3178067207  35.9406318665
   2.3179168701  35.9606323242
   2.3180265427  35.9806327820
   2.3181359768  36.0006332397
   2.3182451725  36.0206336975
   2.3183541298  36.0406341553
   2.3184628487  36.0606346130
   2.3185713291  36.0806350708
   2.3186793327  36.1006355286
   2.3187870979  36.1206359863
   2.3188946247  36.1406364441
   2.3190019131  36.1606369019
   2.3191089630  36.1806373596
   2.3192157745  36.2006378174
   2.3193221092  36.2206382751
   2.3194282055  36.2406387329
   2.3195340633  36.2606391907
   2.3196396828  36.2806396484
   2.3197450638  36.3006401062
   2.3198502064  36.3206405640
   2.3199551105  36.3406410217
   2.3200597763  36.3606414795
   2.3201639652  36.3806419373
   2.3202679157  36.4006423950
   2.3203716278  36.4206428528
   2.3204751015  36.4406433105
   2.3205783367  36.4606437683
   2.3206813335  36.4806442261
   2.3207840919  36.5006446838
   2.3208866119  36.5206451416
   2.3209888935  36.5406455994
   2.3210909367  36.5606460571
   2.3211925030  36.5806465149
   2.3212938309  36.6006469727
   2.3213949203  36.6206474304
   2.3214957714  36.6406478882
   2.3215963840  36.6606483459
   2.3216967583  36.6806488037
   2.3217968941  36.7006492615
   2.3218967915  36.7206497192
   2.3219964504  36.7406501770
   2.3220958710  36.7606506348
   2.3221950531  36.7806510925
   2.3222939968  36.8006515503
   2.3223927021  36.8206520081
   2.3224909306  36.8406524658
   2.3225889206  36.8606529236
   2.3226866722  36.8806533813
   2.3227841854  36.9006538391
   2.3228814602  36.9206542969
   2.3229784966  36.9406547546
   2.3230752945  36.9606552124
   2.3231718540  36.9806556702
   2.3232681751  37.0006561279
   2.3233642578  37.0206565857
   2.3234601021  37.0406570435
   2.3235557079  37.0606575012
   2.3236510754  37.0806579590
   2.3237462044  37.1006584167
   2.3238410950  37.1206588745
   2.3239357471  37.1406593323
   2.3240301609  37.1606597900
   2.3241243362  37.1806602478
   2.3242182732  37.2006607056
   2.3243119717  37.2206611633
   2.3244054317  37.2406616211
   2.3244986534  37.2606620789
   2.3245916367  37.2806625366
   2.3246843815  37.3006629944
   2.3247768879  37.3206634521
   2.3248691559  37.3406639099
   2.3249611855  37.3606643677
   2.3250529766  37.3806648254
   2.3251445293  37.4006652832
   2.3252358437  37.4206657410
   2.3253269196  37.4406661987
   2.3254177570  37.4606666565
   2.3255083561  37.4806671143
   2.3255987167  37.5006675720
   2.3256888390  37.5206680298
   2.3257787228  37.5406684875
   2.3258683681  37.5606689453
   2.3259577751  37.5806694031
   2.3260469437  37.6006698608
   2.3261358738  37.6206703186
   2.3262245655  37.6406707764
   2.3263130188  37.6606712341
   2.3264012337  37.6806716919
   2.3264894485  37.7006721497
   2.3265774250  37.7206726074
   2.3266651630  37.7406730652
   2.3267526627  37.7606735229
   2.3268399239  37.7806739807
   2.3269269466  37.8006744385
   2.3270137310  37.8206748962
   2.3271002769  37.8406753540
   2.3271865845  37.8606758118
   2.3272726536  37.8806762695
   2.3273584843  37.9006767273
   2.3274440765  37.9206771851
   2.3275294304  37.9406776428
   2.3276145458  37.9606781006
   2.3276994228  37.9806785583
   2.3277842999  38.0006790161
   2.3278689384  38.0206794739
   2.3279533386  38.0406799316
   2.3280375004  38.0606803894
   2.3281214237  38.0806808472
   2.3282051086  38.1006813049
   2.3282885551  38.1206817627
   2.3283717632  38.1406822205
   2.3284547329  38.1606826782
   2.3285374641  38.1806831360
   2.3286201954  38.2006835938
   2.3287026882  38.2206840515
   2.3287849426  38.2406845093
   2.3288669586  38.2606849670
   2.3289487362  38.2806854248
   2.3290302753  38.3006858826
   2.3291115761  38.3206863403
   2.3291926384  38.3406867981
   2.3292737007  38.3606872559
   2.3293545246  38.3806877136
   2.3294351101  38.4006881714
   2.3295154572  38.4206886292
   2.3295955658  38.4406890869
   2.3296754360  38.4606895447
   2.3297550678  38.4806900024
   2.3298346996  38.5006904602
   2.3299140930  38.5206909180
   2.3299932480  38.5406913757
   2.3300721645  38.5606918335
   2.3301508427  38.5806922913
   2.3302292824  38.6006927490
   2.3303074837  38.6206932068
   2.3303856850  38.6406936646
   2.3304636478  38.6606941223
   2.3305413723  38.6806945801
   2.3306188583  38.7006950378
   2.3306961060  38.7206954956
   2.3307731152  38.7406959534
   2.3308501244  38.7606964111
   2.3309268951  38.7806968689
   2.3310034275  38.8006973267
   2.3310797215  38.8206977844
   2.3311557770  38.8406982422
   2.3312315941  38.8606987000
   2.3313074112  38.8806991577
   2.3313829899  38.9006996155
   2.3314583302  38.9207000732
   2.3315334320  38.9407005310
   2.3316082954  38.9607009888
   2.3316831589  38.9807014465
   2.3317577839  39.0007019043
   2.3318321705  39.0207023621
   2.3319063187  39.0407028198
   2.3319802284  39.0607032776
   2.3320541382  39.0807037354
   2.3321278095  39.1007041931
   2.3322012424  39.1207046509
   2.3322744370  39.1407051086
   2.3323473930  39.1607055664
   2.3324203491  39.1807060242
   2.3324930668  39.2007064819
   2.3325655460  39.2207069397
   2.3326377869  39.2407073975
   2.3327100277  39.2607078552
   2.3327820301  39.2807083130
   2.3328537941  39.3007087708
   2.3329253197  39.3207092285
   2.3329966068  39.3407096863
   2.3330678940  39.3607101440
   2.3331389427  39.3807106018
   2.3332097530  39.4007110596
   2.3332803249  39.4207115173
   2.3333508968  39.4407119751
   2.3334212303  39.4607124329
   2.3334913254  39.4807128906
   2.3335611820  39.5007133484
   2.3336310387  39.5207138062
   2.3337006569  39.5407142639
   2.3337700367  39.5607147217
   2.3338391781  39.5807151794
   2.3339083195  39.6007156372
   2.3339772224  39.6207160950
   2.3340458870  39.6407165527
   2.3341143131  39.6607170105
   2.3341827393  39.6807174683
   2.3342509270  39.7007179260
   2.3343188763  39.7207183838
   2.3343865871  39.7407188416
   2.3344542980  39.7607192993
   2.3345217705  39.7807197571
   2.3345890045  39.8007202148
   2.3346562386  39.8207206726
   2.3347232342  39.8407211304
   2.3347899914  39.8607215881
   2.3348565102  39.8807220459
   2.3349230289  39.9007225037
   2.3349893093  39.9207229614
   2.3350553513  39.9407234192
   2.3351213932  39.9607238770
   2.3351871967  39.9807243347
   2.3352527618  40.0007247925
   2.3353180885  40.0207252502
   2.3353834152  40.0407257080
   2.3354485035  40.0607261658
   2.3355133533  40.0807266235
   2.3355782032  40.1007270813
   2.3356428146  40.1207275391
   2.3357071877  40.1407279968
   2.3357713223  40.1607284546
   2.3358354568  40.1807289124
   2.3358993530  40.2007293701
   2.3359630108  40.2207298279
   2.3360266685  40.2407302856
   2.3360900879  40.2607307434
   2.3361532688  40.2807312012
   2.3362164497  40.3007316589
   2.3362793922  40.3207321167
   2.3363420963  40.3407325745
   2.3364048004  40.3607330322
   2.3364672661  40.3807334900
   2.3365294933  40.4007339478
   2.3365917206  40.4207344055
   2.3366537094  40.4407348633
   2.3367154598  40.4607353210
   2.3367772102  40.4807357788
   2.3368387222  40.5007362366
   2.3368999958  40.5207366943
   2.3369612694  40.5407371521
   2.3370223045  40.5607376099
   2.3370831013  40.5807380676
   2.3371438980  40.6007385254
   2.3372044563  40.6207389832
   2.3372647762  40.6407394409
   2.3373250961  40.6607398987
   2.3373851776  40.6807403564
   2.3374450207  40.7007408142
   2.3375048637  40.7207412720
   2.3375644684  40.7407417297
   2.3376238346  40.7607421875
   2.3376832008  40.7807426453
   2.3377423286  40.8007431030
   2.3378014565  40.8207435608
   2.3378603458  40.8407440186
   2.3379189968  40.8607444763
   2.3379776478  40.8807449341
   2.3380360603  40.9007453918
   2.3380942345  40.9207458496
   2.3381524086  40.9407463074
   2.3382103443  40.9607467651
   2.3382682800  40.9807472229
   2.3383259773  41.0007476807
   2.3383834362  41.0207481384
   2.3384408951  41.0407485962
   2.3384981155  41.0607490540
   2.3385550976  41.0807495117
   2.3386120796  41.1007499695
   2.3386688232  41.1207504272
   2.3387255669  41.1407508850
   2.3387820721  41.1607513428
   2.3388383389  41.1807518005
   2.3388946056  41.2007522583
   2.3389506340  41.2207527161
   2.3390066624  41.2407531738
   2.3390624523  41.2607536316
   2.3391180038  41.2807540894
   2.3391735554  41.3007545471
   2.3392288685  41.3207550049
   2.3392841816  41.3407554626
   2.3393392563  41.3607559204
   2.3393940926  41.3807563782
   2.3394489288  41.4007568359
   2.3395035267  41.4207572937
   2.3395581245  41.4407577515
   2.3396124840  41.4607582092
   2.3396666050  41.4807586670
   2.3397207260  41.5007591248
   2.3397746086  41.5207595825
   2.3398284912  41.5407600403
   2.3398821354  41.5607604980
   2.3399355412  41.5807609558
   2.3399889469  41.6007614136
   2.3400421143  41.6207618713
   2.3400952816  41.6407623291
   2.3401482105  41.6607627869
   2.3402011395  41.6807632446
   2.3402538300  41.7007637024
   2.3403062820  41.7207641602
   2.3403587341  41.7407646179
   2.3404109478  41.7607650757
   2.3404631615  41.7807655334
   2.3405151367  41.8007659912
   2.3405671120  41.8207664490
   2.3406188488  41.8407669067
   2.3406705856  41.8607673645
   2.3407220840  41.8807678223
   2.3407733440  41.9007682800
   2.3408246040  41.9207687378
   2.3408756256  41.9407691956
   2.3409266472  41.9607696533
   2.3409774303  41.9807701111
   2.3410282135  42.0007705688
   2.3410787582  42.0207710266
   2.3411293030  42.0407714844
   2.3411796093  42.0607719421
   2.3412296772  42.0807723999
   2.3412797451  42.1007728577
   2.3413295746  42.1207733154
   2.3413794041  42.1407737732
   2.3414289951  42.1607742310
   2.3414785862  42.1807746887
   2.3415279388  42.2007751465
   2.3415772915  42.2207756042
   2.3416264057  42.2407760620
   2.3416755199  42.2607765198
   2.3417243958  42.2807769775
   2.3417732716  42.3007774353
   2.3418219090  42.3207778931
   2.3418705463  42.3407783508
   2.3419189453  42.3607788086
   2.3419673443  42.3807792664
   2.3420155048  42.4007797241
   2.3420634270  42.4207801819
   2.3421113491  42.4407806396
   2.3421590328  42.4607810974
   2.3422067165  42.4807815552
   2.3422541618  42.5007820129
   2.3423016071  42.5207824707
   2.3423488140  42.5407829285
   2.3423960209  42.5607833862
   2.3424429893  42.5807838440
   2.3424899578  42.6007843018
   2.3425366879  42.6207847595
   2.3425834179  42.6407852173
   2.3426299095  42.6607856750
   2.3426764011  42.6807861328
   2.3427226543  42.7007865906
   2.3427689075  42.7207870483
   2.3428149223  42.7407875061
   2.3428609371  42.7607879639
   2.3429067135  42.7807884216
   2.3429524899  42.8007888794
   2.3429980278  42.8207893372
   2.3430435658  42.8407897949
   2.3430888653  42.8607902527
   2.3431341648  42.8807907104
   2.3431792259  42.9007911682
   2.3432242870  42.9207916260
   2.3432691097  42.9407920837
   2.3433139324  42.9607925415
   2.3433585167  42.9807929993
   2.3434031010  43.0007934570
   2.3434474468  43.0207939148
   2.3434917927  43.0407943726
   2.3435361385  43.0607948303
   2.3435802460  43.0807952881
   2.3436243534  43.1007957458
   2.3436682224  43.1207962036
   2.3437120914  43.1407966614
   2.3437557220  43.1607971191
   2.3437993526  43.1807975769
   2.3438427448  43.2007980347
   2.3438861370  43.2207984924
   2.3439292908  43.2407989502
   2.3439724445  43.2607994080
   2.3440153599  43.2807998657
   2.3440582752  43.3008003235
   2.3441009521  43.3208007812
   2.3441436291  43.3408012390
   2.3441860676  43.3608016968
   2.3442285061  43.3808021545
   2.3442709446  43.4008026123
   2.3443131447  43.4208030701
   2.3443553448  43.4408035278
   2.3443973064  43.4608039856
   2.3444392681  43.4808044434
   2.3444809914  43.5008049011
   2.3445227146  43.5208053589
   2.3445641994  43.5408058167
   2.3446056843  43.5608062744
   2.3446469307  43.5808067322
   2.3446881771  43.6008071899
   2.3447294235  43.6208076477
   2.3447704315  43.6408081055
   2.3448114395  43.6608085632
   2.3448522091  43.6808090210
   2.3448929787  43.7008094788
   2.3449335098  43.7208099365
   2.3449740410  43.7408103943
   2.3450145721  43.7608108521
   2.3450548649  43.7808113098
   2.3450951576  43.8008117676
   2.3451352119  43.8208122253
   2.3451752663  43.8408126831
   2.3452150822  43.8608131409
   2.3452548981  43.8808135986
   2.3452944756  43.9008140564
   2.3453340530  43.9208145142
   2.3453736305  43.9408149719
   2.3454129696  43.9608154297
   2.3454523087  43.9808158875
   2.3454914093  44.0008163452
   2.3455305099  44.0208168030
   2.3455693722  44.0408172607
   2.3456082344  44.0608177185
   2.3456470966  44.0808181763
   2.3456857204  44.1008186340
   2.3457243443  44.1208190918
   2.3457627296  44.1408195496
   2.3458011150  44.1608200073
   2.3458395004  44.1808204651
   2.3458776474  44.2008209229
   2.3459157944  44.2208213806
   2.3459537029  44.2408218384
   2.3459916115  44.2608222961
   2.3460295200  44.2808227539
   2.3460671902  44.3008232117
   2.3461048603  44.3208236694
   2.3461422920  44.3408241272
   2.3461797237  44.3608245850
   2.3462169170  44.3808250427
   2.3462541103  44.4008255005
   2.3462913036  44.4208259583
   2.3463282585  44.4408264160
   2.3463652134  44.4608268738
   2.3464019299  44.4808273315
   2.3464386463  44.5008277893
   2.3464753628  44.5208282471
   2.3465118408  44.5408287048
   2.3465483189  44.5608291626
   2.3465845585  44.5808296204
   2.3466207981  44.6008300781
   2.3466570377  44.6208305359
   2.3466930389  44.6408309937
   2.3467290401  44.6608314514
   2.3467650414  44.6808319092
   2.3468008041  44.7008323669
   2.3468365669  44.7208328247
   2.3468720913  44.7408332825
   2.3469076157  44.7608337402
   2.3469431400  44.7808341980
   2.3469784260  44.8008346558
   2.3470137119  44.8208351135
   2.3470487595  44.8408355713
   2.3470838070  44.8608360291
   2.3471188545  44.8808364868
   2.3471536636  44.9008369446
   2.3471884727  44.9208374023
   2.3472232819  44.9408378601
   2.3472578526  44.9608383179
   2.3472924232  44.9808387756
   2.3473267555  45.0008392334
   2.3473610878  45.0208396912
   2.3473954201  45.0408401489
   2.3474295139  45.0608406067
   2.3474636078  45.0808410645
   2.3474977016  45.1008415222
   2.3475315571  45.1208419800
   2.3475654125  45.1408424377
   2.3475990295  45.1608428955
   2.3476326466  45.1808433533
   2.3476662636  45.2008438110
   2.3476996422  45.2208442688
   2.3477330208  45.2408447266
   2.3477663994  45.2608451843
   2.3477995396  45.2808456421
   2.3478326797  45.3008460999
   2.3478658199  45.3208465576
   2.3478987217  45.3408470154
   2.3479316235  45.3608474731
   2.3479645252  45.3808479309
   2.3479971886  45.4008483887
   2.3480298519  45.4208488464
   2.3480622768  45.4408493042
   2.3480947018  45.4608497620
   2.3481271267  45.4808502197
   2.3481593132  45.5008506775
   2.3481914997  45.5208511353
   2.3482236862  45.5408515930
   2.3482556343  45.5608520508
   2.3482875824  45.5808525085
   2.3483195305  45.6008529663
   2.3483512402  45.6208534241
   2.3483829498  45.6408538818
   2.3484146595  45.6608543396
   2.3484461308  45.6808547974
   2.3484776020  45.7008552551
   2.3485090733  45.7208557129
   2.3485403061  45.7408561707
   2.3485715389  45.7608566284
   2.3486027718  45.7808570862
   2.3486337662  45.8008575439
   2.3486647606  45.8208580017
   2.3486957550  45.8408584595
   2.3487265110  45.8608589172
   2.3487572670  45.8808593750
   2.3487880230  45.9008598328
   2.3488185406  45.9208602905
   2.3488490582  45.9408607483
   2.3488795757  45.9608612061
   2.3489098549  45.9808616638
   2.3489401340  46.0008621216
   2.3489704132  46.0208625793
   2.3490004539  46.0408630371
   2.3490304947  46.0608634949
   2.3490605354  46.0808639526
   2.3490903378  46.1008644104
   2.3491201401  46.1208648682
   2.3491499424  46.1408653259
   2.3491795063  46.1608657837
   2.3492090702  46.1808662415
   2.3492386341  46.2008666992
   2.3492679596  46.2208671570
   2.3492972851  46.2408676147
   2.3493266106  46.2608680725
   2.3493556976  46.2808685303
   2.3493847847  46.3008689880
   2.3494138718  46.3208694458
   2.3494427204  46.3408699036
   2.3494715691  46.3608703613
   2.3495004177  46.3808708191
   2.3495292664  46.4008712769
   2.3495578766  46.4208717346
   2.3495864868  46.4408721924
   2.3496150970  46.4608726501
   2.3496434689  46.4808731079
   2.3496718407  46.5008735657
   2.3497002125  46.5208740234
   2.3497283459  46.5408744812
   2.3497564793  46.5608749390
   2.3497846127  46.5808753967
   2.3498125076  46.6008758545
   2.3498404026  46.6208763123
   2.3498682976  46.6408767700
   2.3498961926  46.6608772278
   2.3499238491  46.6808776855
   2.3499515057  46.7008781433
   2.3499791622  46.7208786011
   2.3500065804  46.7408790588
   2.3500339985  46.7608795166
   2.3500614166  46.7808799744
   2.3500885963  46.8008804321
   2.3501157761  46.8208808899
   2.3501429558  46.8408813477
   2.3501701355  46.8608818054
   2.3501970768  46.8808822632
   2.3502240181  46.9008827209
   2.3502509594  46.9208831787
   2.3502776623  46.9408836365
   2.3503043652  46.9608840942
   2.3503310680  46.9808845520
   2.3503577709  47.0008850098
   2.3503842354  47.0208854675
   2.3504106998  47.0408859253
   2.3504371643  47.0608863831
   2.3504633904  47.0808868408
   2.3504896164  47.1008872986
   2.3505158424  47.1208877563
   2.3505420685  47.1408882141
   2.3505680561  47.1608886719
   2.3505940437  47.1808891296
   2.3506200314  47.2008895874
   2.3506457806  47.2208900452
   2.3506715298  47.2408905029
   2.3506972790  47.2608909607
   2.3507230282  47.2808914185
   2.3507485390  47.3008918762
   2.3507740498  47.3208923340
   2.3507995605  47.3408927917
   2.3508248329  47.3608932495
   2.3508501053  47.3808937073
   2.3508753777  47.4008941650
   2.3509006500  47.4208946228
   2.3509256840  47.4408950806
   2.3509507179  47.4608955383
   2.3509757519  47.4808959961
   2.3510007858  47.5008964539
   2.3510255814  47.5208969116
   2.3510503769  47.5408973694
   2.3510751724  47.5608978271
   2.3510997295  47.5808982849
   2.3511242867  47.6008987427
   2.3511488438  47.6208992004
   2.3511734009  47.6408996582
   2.3511977196  47.6609001160
   2.3512220383  47.6809005737
   2.3512463570  47.7009010315
   2.3512706757  47.7209014893
   2.3512947559  47.7409019470
   2.3513188362  47.7609024048
   2.3513429165  47.7809028625
   2.3513669968  47.8009033203
   2.3513908386  47.8209037781
   2.3514146805  47.8409042358
   2.3514385223  47.8609046936
   2.3514623642  47.8809051514
   2.3514859676  47.9009056091
   2.3515095711  47.9209060669
   2.3515331745  47.9409065247
   2.3515567780  47.9609069824
   2.3515801430  47.9809074402
   2.3516035080  48.0009078979
   2.3516268730  48.0209083557
   2.3516502380  48.0409088135
   2.3516733646  48.0609092712
   2.3516964912  48.0809097290
   2.3517196178  48.1009101868
   2.3517425060  48.1209106445
   2.3517653942  48.1409111023
   2.3517882824  48.1609115601
   2.3518111706  48.1809120178
   2.3518340588  48.2009124756
   2.3518567085  48.2209129333
   2.3518793583  48.2409133911
   2.3519020081  48.2609138489
   2.3519246578  48.2809143066
   2.3519470692  48.3009147644
   2.3519694805  48.3209152222
   2.3519918919  48.3409156799
   2.3520143032  48.3609161377
   2.3520364761  48.3809165955
   2.3520586491  48.4009170532
   2.3520808220  48.4209175110
   2.3521029949  48.4409179688
   2.3521249294  48.4609184265
   2.3521468639  48.4809188843
   2.3521687984  48.5009193420
   2.3521907330  48.5209197998
   2.3522124290  48.5409202576
   2.3522341251  48.5609207153
   2.3522558212  48.5809211731
   2.3522775173  48.6009216309
   2.3522989750  48.6209220886
   2.3523204327  48.6409225464
   2.3523418903  48.6609230042
   2.3523633480  48.6809234619
   2.3523848057  48.7009239197
   2.3524060249  48.7209243774
   2.3524272442  48.7409248352
   2.3524484634  48.7609252930
   2.3524696827  48.7809257507
   2.3524906635  48.8009262085
   2.3525116444  48.8209266663
   2.3525326252  48.8409271240
   2.3525536060  48.8609275818
   2.3525743484  48.8809280396
   2.3525950909  48.9009284973
   2.3526158333  48.9209289551
   2.3526365757  48.9409294128
   2.3526573181  48.9609298706
   2.3526778221  48.9809303284
   2.3526983261  49.0009307861
   2.3527188301  49.0209312439
   2.3527393341  49.0409317017
   2.3527595997  49.0609321594
   2.3527798653  49.0809326172
   2.3528001308  49.1009330750
   2.3528203964  49.1209335327
   2.3528406620  49.1409339905
   2.3528606892  49.1609344482
   2.3528807163  49.1809349060
   2.3529007435  49.2009353638
   2.3529207706  49.2209358215
   2.3529405594  49.2409362793
   2.3529603481  49.2609367371
   2.3529801369  49.2809371948
   2.3529999256  49.3009376526
   2.3530197144  49.3209381104
   2.3530392647  49.3409385681
   2.3530588150  49.3609390259
   2.3530783653  49.3809394836
   2.3530979156  49.4009399414
   2.3531174660  49.4209403992
   2.3531367779  49.4409408569
   2.3531560898  49.4609413147
   2.3531754017  49.4809417725
   2.3531947136  49.5009422302
   2.3532140255  49.5209426880
   2.3532330990  49.5409431458
   2.3532521725  49.5609436035
   2.3532712460  49.5809440613
   2.3532903194  49.6009445190
   2.3533091545  49.6209449768
   2.3533279896  49.6409454346
   2.3533468246  49.6609458923
   2.3533656597  49.6809463501
   2.3533844948  49.7009468079
   2.3534030914  49.7209472656
   2.3534216881  49.7409477234
   2.3534402847  49.7609481812
   2.3534588814  49.7809486389
   2.3534774780  49.8009490967
   2.3534958363  49.8209495544
   2.3535141945  49.8409500122
   2.3535325527  49.8609504700
   2.3535509109  49.8809509277
   2.3535692692  49.9009513855
   2.3535873890  49.9209518433
   2.3536055088  49.9409523010
   2.3536236286  49.9609527588
   2.3536417484  49.9809532166
   2.3536598682  50.0009536743
   2.3536777496  50.0209541321
   2.3536956310  50.0409545898
   2.3537135124  50.0609550476
   2.3537313938  50.0809555054
   2.3537492752  50.1009559631
   2.3537669182  50.1209564209
   2.3537845612  50.1409568787
   2.3538022041  50.1609573364
   2.3538198471  50.1809577942
   2.3538374901  50.2009582520
   2.3538551331  50.2209587097
   2.3538725376  50.2409591675
   2.3538899422  50.2609596252
   2.3539073467  50.2809600830
   2.3539247513  50.3009605408
   2.3539421558  50.3209609985
   2.3539593220  50.3409614563
   2.3539764881  50.3609619141
   2.3539936543  50.3809623718
   2.3540108204  50.4009628296
   2.3540279865  50.4209632874
   2.3540449142  50.4409637451
   2.3540618420  50.4609642029
   2.3540787697  50.4809646606
   2.3540956974  50.5009651184
   2.3541126251  50.5209655762
   2.3541295528  50.5409660339
   2.3541462421  50.5609664917
   2.3541629314  50.5809669495
   2.3541796207  50.6009674072
   2.3541963100  50.6209678650
   2.3542129993  50.6409683228
   2.3542294502  50.6609687805
   2.3542459011  50.6809692383
   2.3542623520  50.7009696960
   2.3542788029  50.7209701538
   2.3542952538  50.7409706116
   2.3543117046  50.7609710693
   2.3543279171  50.7809715271
   2.3543441296  50.8009719849
   2.3543603420  50.8209724426
   2.3543765545  50.8409729004
   2.3543927670  50.8609733582
   2.3544089794  50.8809738159
   2.3544249535  50.9009742737
   2.3544409275  50.9209747314
   2.3544569016  50.9409751892
   2.3544728756  50.9609756470
   2.3544888496  50.9809761047
   2.3545045853  51.0009765625
   2.3545203209  51.0209770203
   2.3545360565  51.0409774780
   2.3545517921  51.0609779358
   2.3545675278  51.0809783936
   2.3545832634  51.1009788513
   2.3545987606  51.1209793091
   2.3546142578  51.1409797668
   2.3546297550  51.1609802246
   2.3546452522  51.1809806824
   2.3546607494  51.2009811401
   2.3546762466  51.2209815979
   2.3546915054  51.2409820557
   2.3547067642  51.2609825134
   2.3547220230  51.2809829712
   2.3547372818  51.3009834290
   2.3547525406  51.3209838867
   2.3547677994  51.3409843445
   2.3547828197  51.3609848022
   2.3547978401  51.3809852600
   2.3548128605  51.4009857178
   2.3548278809  51.4209861755
   2.3548429012  51.4409866333
   2.3548579216  51.4609870911
   2.3548727036  51.4809875488
   2.3548874855  51.5009880066
   2.3549022675  51.5209884644
   2.3549170494  51.5409889221
   2.3549318314  51.5609893799
   2.3549466133  51.5809898376
   2.3549611568  51.6009902954
   2.3549757004  51.6209907532
   2.3549902439  51.6409912109
   2.3550047874  51.6609916687
   2.3550193310  51.6809921265
   2.3550338745  51.7009925842
   2.3550484180  51.7209930420
   2.3550627232  51.7409934998
   2.3550770283  51.7609939575
   2.3550913334  51.7809944153
   2.3551056385  51.8009948730
   2.3551199436  51.8209953308
   2.3551342487  51.8409957886
   2.3551483154  51.8609962463
   2.3551623821  51.8809967041
   2.3551764488  51.9009971619
   2.3551905155  51.9209976196
   2.3552045822  51.9409980774
   2.3552186489  51.9609985352
   2.3552327156  51.9809989929
   2.3552465439  52.0009994507
   2.3552603722  52.0209999084
   2.3552742004  52.0410003662
   2.3552880287  52.0610008240
   2.3553018570  52.0810012817
   2.3553156853  52.1010017395
   2.3553292751  52.1210021973
   2.3553428650  52.1410026550
   2.3553564548  52.1610031128
   2.3553700447  52.1810035706
   2.3553836346  52.2010040283
   2.3553972244  52.2210044861
   2.3554108143  52.2410049438
   2.3554241657  52.2610054016
   2.3554375172  52.2810058594
   2.3554508686  52.3010063171
   2.3554642200  52.3210067749
   2.3554775715  52.3410072327
   2.3554909229  52.3610076904
   2.3555042744  52.3810081482
   2.3555173874  52.4010086060
   2.3555305004  52.4210090637
   2.3555436134  52.4410095215
   2.3555567265  52.4610099792
   2.3555698395  52.4810104370
   2.3555829525  52.5010108948
   2.3555960655  52.5210113525
   2.3556089401  52.5410118103
   2.3556218147  52.5610122681
   2.3556346893  52.5810127258
   2.3556475639  52.6010131836
   2.3556604385  52.6210136414
   2.3556733131  52.6410140991
   2.3556861877  52.6610145569
   2.3556988239  52.6810150146
   2.3557114601  52.7010154724
   2.3557240963  52.7210159302
   2.3557367325  52.7410163879
   2.3557493687  52.7610168457
   2.3557620049  52.7810173035
   2.3557746410  52.8010177612
   2.3557872772  52.8210182190
   2.3557996750  52.8410186768
   2.3558120728  52.8610191345
   2.3558244705  52.8810195923
   2.3558368683  52.9010200500
   2.3558492661  52.9210205078
   2.3558616638  52.9410209656
   2.3558740616  52.9610214233
   2.3558862209  52.9810218811
   2.3558983803  53.0010223389
   2.3559105396  53.0210227966
   2.3559226990  53.0410232544
   2.3559348583  53.0610237122
   2.3559470177  53.0810241699
   2.3559591770  53.1010246277
   2.3559710979  53.1210250854
   2.3559830189  53.1410255432
   2.3559949398  53.1610260010
   2.3560068607  53.1810264587
   2.3560187817  53.2010269165
   2.3560307026  53.2210273743
   2.3560426235  53.2410278320
   2.3560545444  53.2610282898
   2.3560662270  53.2810287476
   2.3560779095  53.3010292053
   2.3560895920  53.3210296631
   2.3561012745  53.3410301208
   2.3561129570  53.3610305786
   2.3561246395  53.3810310364
   2.3561363220  53.4010314941
   2.3561480045  53.4210319519
   2.3561594486  53.4410324097
   2.3561708927  53.4610328674
   2.3561823368  53.4810333252
   2.3561937809  53.5010337830
   2.3562052250  53.5210342407
   2.3562166691  53.5410346985
   2.3562281132  53.5610351562
   2.3562395573  53.5810356140
   2.3562507629  53.6010360718
   2.3562619686  53.6210365295
   2.3562731743  53.6410369873
   2.3562843800  53.6610374451
   2.3562955856  53.6810379028
   2.3563067913  53.7010383606
   2.3563179970  53.7210388184
   2.3563292027  53.7410392761
   2.3563401699  53.7610397339
   2.3563511372  53.7810401917
   2.3563621044  53.8010406494
   2.3563730717  53.8210411072
   2.3563840389  53.8410415649
   2.3563950062  53.8610420227
   2.3564059734  53.8810424805
   2.3564169407  53.9010429382
   2.3564279079  53.9210433960
   2.3564386368  53.9410438538
   2.3564493656  53.9610443115
   2.3564600945  53.9810447693
   2.3564708233  54.0010452271
   2.3564815521  54.0210456848
   2.3564922810  54.0410461426
   2.3565030098  54.0610466003
   2.3565137386  54.0810470581
   2.3565242290  54.1010475159
   2.3565347195  54.1210479736
   2.3565452099  54.1410484314
   2.3565557003  54.1610488892
   2.3565661907  54.1810493469
   2.3565766811  54.2010498047
   2.3565871716  54.2210502625
   2.3565976620  54.2410507202
   2.3566081524  54.2610511780
   2.3566184044  54.2810516357
   2.3566286564  54.3010520935
   2.3566389084  54.3210525513
   2.3566491604  54.3410530090
   2.3566594124  54.3610534668
   2.3566696644  54.3810539246
   2.3566799164  54.4010543823
   2.3566901684  54.4210548401
   2.3567004204  54.4410552979
   2.3567104340  54.4610557556
   2.3567204475  54.4810562134
   2.3567304611  54.5010566711
   2.3567404747  54.5210571289
   2.3567504883  54.5410575867
   2.3567605019  54.5610580444
   2.3567705154  54.5810585022
   2.3567805290  54.6010589600
   2.3567905426  54.6210594177
   2.3568003178  54.6410598755
   2.3568100929  54.6610603333
   2.3568198681  54.6810607910
   2.3568296432  54.7010612488
   2.3568394184  54.7210617065
   2.3568491936  54.7410621643
   2.3568589687  54.7610626221
   2.3568687439  54.7810630798
   2.3568785191  54.8010635376
   2.3568882942  54.8210639954
   2.3568978310  54.8410644531
   2.3569073677  54.8610649109
   2.3569169044  54.8810653687
   2.3569264412  54.9010658264
   2.3569359779  54.9210662842
   2.3569455147  54.9410667419
   2.3569550514  54.9610671997
   2.3569645882  54.9810676575
   2.3569741249  55.0010681152
   2.3569834232  55.0210685730
   2.3569927216  55.0410690308
   2.3570020199  55.0610694885
   2.3570113182  55.0810699463
   2.3570206165  55.1010704041
   2.3570299149  55.1210708618
   2.3570392132  55.1410713196
   2.3570485115  55.1610717773
   2.3570578098  55.1810722351
   2.3570671082  55.2010726929
   2.3570761681  55.2210731506
   2.3570852280  55.2410736084
   2.3570942879  55.2610740662
   2.3571033478  55.2810745239
   2.3571124077  55.3010749817
   2.3571214676  55.3210754395
   2.3571305275  55.3410758972
   2.3571395874  55.3610763550
   2.3571486473  55.3810768127
   2.3571577072  55.4010772705
   2.3571665287  55.4210777283
   2.3571753502  55.4410781860
   2.3571841717  55.4610786438
   2.3571929932  55.4810791016
   2.3572018147  55.5010795593
   2.3572106361  55.5210800171
   2.3572194576  55.5410804749
   2.3572282791  55.5610809326
   2.3572371006  55.5810813904
   2.3572459221  55.6010818481
   2.3572547436  55.6210823059
   2.3572633266  55.6410827637
   2.3572719097  55.6610832214
   2.3572804928  55.6810836792
   2.3572890759  55.7010841370
   2.3572976589  55.7210845947
   2.3573062420  55.7410850525
   2.3573148251  55.7610855103
   2.3573234081  55.7810859680
   2.3573319912  55.8010864258
   2.3573405743  55.8210868835
   2.3573489189  55.8410873413
   2.3573572636  55.8610877991
   2.3573656082  55.8810882568
   2.3573739529  55.9010887146
   2.3573822975  55.9210891724
   2.3573906422  55.9410896301
   2.3573989868  55.9610900879
   2.3574073315  55.9810905457
   2.3574156761  56.0010910034
   2.3574240208  56.0210914612
   2.3574323654  56.0410919189
   2.3574404716  56.0610923767
   2.3574485779  56.0810928345
   2.3574566841  56.1010932922
   2.3574647903  56.1210937500
   2.3574728966  56.1410942078
   2.3574810028  56.1610946655
   2.3574891090  56.1810951233
   2.3574972153  56.2010955811
   2.3575053215  56.2210960388
   2.3575134277  56.2410964966
   2.3575215340  56.2610969543
   2.3575296402  56.2810974121
   2.3575375080  56.3010978699
   2.3575453758  56.3210983276
   2.3575532436  56.3410987854
   2.3575611115  56.3610992432
   2.3575689793  56.3810997009
   2.3575768471  56.4011001587
   2.3575847149  56.4211006165
   2.3575925827  56.4411010742
   2.3576004505  56.4611015320
   2.3576083183  56.4811019897
   2.3576161861  56.5011024475
   2.3576240540  56.5211029053
   2.3576316833  56.5411033630
   2.3576393127  56.5611038208
   2.3576469421  56.5811042786
   2.3576545715  56.6011047363
   2.3576622009  56.6211051941
   2.3576698303  56.6411056519
   2.3576774597  56.6611061096
   2.3576850891  56.6811065674
   2.3576927185  56.7011070251
   2.3577003479  56.7211074829
   2.3577079773  56.7411079407
   2.3577156067  56.7611083984
   2.3577229977  56.7811088562
   2.3577303886  56.8011093140
   2.3577377796  56.8211097717
   2.3577451706  56.8411102295
   2.3577525616  56.8611106873
   2.3577599525  56.8811111450
   2.3577673435  56.9011116028
   2.3577747345  56.9211120605
   2.3577821255  56.9411125183
   2.3577895164  56.9611129761
   2.3577969074  56.9811134338
   2.3578042984  57.0011138916
   2.3578114510  57.0211143494
   2.3578186035  57.0411148071
   2.3578257561  57.0611152649
   2.3578329086  57.0811157227
   2.3578400612  57.1011161804
   2.3578472137  57.1211166382
   2.3578543663  57.1411170959
   2.3578615189  57.1611175537
   2.3578686714  57.1811180115
   2.3578758240  57.2011184692
   2.3578829765  57.2211189270
   2.3578901291  57.2411193848
   2.3578972816  57.2611198425
   2.3579041958  57.2811203003
   2.3579111099  57.3011207581
   2.3579180241  57.3211212158
   2.3579249382  57.3411216736
   2.3579318523  57.3611221313
   2.3579387665  57.3811225891
   2.3579456806  57.4011230469
   2.3579525948  57.4211235046
   2.3579595089  57.4411239624
   2.3579664230  57.4611244202
   2.3579733372  57.4811248779
   2.3579802513  57.5011253357
   2.3579871655  57.5211257935
   2.3579938412  57.5411262512
   2.3580005169  57.5611267090
   2.3580071926  57.5811271667
   2.3580138683  57.6011276245
   2.3580205441  57.6211280823
   2.3580272198  57.6411285400
   2.3580338955  57.6611289978
   2.3580405712  57.6811294556
   2.3580472469  57.7011299133
   2.3580539227  57.7211303711
   2.3580605984  57.7411308289
   2.3580672741  57.7611312866
   2.3580739498  57.7811317444
   2.3580806255  57.8011322021
   2.3580870628  57.8211326599
   2.3580935001  57.8411331177
   2.3580999374  57.8611335754
   2.3581063747  57.8811340332
   2.3581128120  57.9011344910
   2.3581192493  57.9211349487
   2.3581256866  57.9411354065
   2.3581321239  57.9611358643
   2.3581385612  57.9811363220
   2.3581449986  58.0011367798
   2.3581514359  58.0211372375
   2.3581578732  58.0411376953
   2.3581643105  58.0611381531
   2.3581707478  58.0811386108
   2.3581769466  58.1011390686
   2.3581831455  58.1211395264
   2.3581893444  58.1411399841
   2.3581955433  58.1611404419
   2.3582017422  58.1811408997
   2.3582079411  58.2011413574
   2.3582141399  58.2211418152
   2.3582203388  58.2411422729
   2.3582265377  58.2611427307
   2.3582327366  58.2811431885
   2.3582389355  58.3011436462
   2.3582451344  58.3211441040
   2.3582513332  58.3411445618
   2.3582575321  58.3611450195
   2.3582637310  58.3811454773
   2.3582696915  58.4011459351
   2.3582756519  58.4211463928
   2.3582816124  58.4411468506
   2.3582875729  58.4611473083
   2.3582935333  58.4811477661
   2.3582994938  58.5011482239
   2.3583054543  58.5211486816
   2.3583114147  58.5411491394
   2.3583173752  58.5611495972
   2.3583233356  58.5811500549
   2.3583292961  58.6011505127
   2.3583352566  58.6211509705
   2.3583412170  58.6411514282
   2.3583471775  58.6611518860
   2.3583531380  58.6811523438
   2.3583588600  58.7011528015
   2.3583645821  58.7211532593
   2.3583703041  58.7411537170
   2.3583760262  58.7611541748
   2.3583817482  58.7811546326
   2.3583874702  58.8011550903
   2.3583931923  58.8211555481
   2.3583989143  58.8411560059
   2.3584046364  58.8611564636
   2.3584103584  58.8811569214
   2.3584160805  58.9011573792
   2.3584218025  58.9211578369
   2.3584275246  58.9411582947
   2.3584332466  58.9611587524
   2.3584389687  58.9811592102
   2.3584446907  59.0011596680
   2.3584501743  59.0211601257
   2.3584556580  59.0411605835
   2.3584611416  59.0611610413
   2.3584666252  59.0811614990
   2.3584721088  59.1011619568
   2.3584775925  59.1211624146
   2.3584830761  59.1411628723
   2.3584885597  59.1611633301
   2.3584940434  59.1811637878
   2.3584995270  59.2011642456
   2.3585050106  59.2211647034
   2.3585104942  59.2411651611
   2.3585159779  59.2611656189
   2.3585214615  59.2811660767
   2.3585269451  59.3011665344
   2.3585324287  59.3211669922
   2.3585379124  59.3411674500
   2.3585431576  59.3611679077
   2.3585484028  59.3811683655
   2.3585536480  59.4011688232
   2.3585588932  59.4211692810
   2.3585641384  59.4411697388
   2.3585693836  59.4611701965
   2.3585746288  59.4811706543
   2.3585798740  59.5011711121
   2.3585851192  59.5211715698
   2.3585903645  59.5411720276
   2.3585956097  59.5611724854
   2.3586008549  59.5811729431
   2.3586061001  59.6011734009
   2.3586113453  59.6211738586
   2.3586165905  59.6411743164
   2.3586218357  59.6611747742
   2.3586270809  59.6811752319
   2.3586323261  59.7011756897
   2.3586373329  59.7211761475
   2.3586423397  59.7411766052
   2.3586473465  59.7611770630
   2.3586523533  59.7811775208
   2.3586573601  59.8011779785
   2.3586623669  59.8211784363
   2.3586673737  59.8411788940
   2.3586723804  59.8611793518
   2.3586773872  59.8811798096
   2.3586823940  59.9011802673
   2.3586874008  59.9211807251
   2.3586924076  59.9411811829
   2.3586974144  59.9611816406
   2.3587024212  59.9811820984
   2.3587074280  60.0011825562
